  0  2,643127 
  20  2,749939 
  40  2,803345 
  60  2,845764 
  80  2,881775 
  100  2,914124 
  120  2,944031 
  140  2,972412 
  160  2,999268 
  180  3,024597 
  200  3,047485 
  220  3,068848 
  240  3,088379 
  260  3,106689 
  280  3,124084 
  300  3,140564 
  320  3,156128 
  340  3,170471 
  360  3,183899 
  380  3,196716 
  400  3,208313 
  420  3,219604 
  440  3,22998 
  460  3,240051 
  480  3,249512 
  500  3,258667 
  520  3,267517 
  540  3,275757 
  560  3,283997 
  580  3,291931 
  600  3,299561 
  620  3,306885 
  640  3,314209 
  660  3,321228 
  680  3,327942 
  700  3,334656 
  720  3,341064 
  740  3,347168 
  760  3,353271 
  780  3,35907 
  800  3,364868 
  820  3,370667 
  840  3,37616 
  860  3,381348 
  880  3,386841 
  900  3,392029 
  920  3,396912 
  940  3,401794 
  960  3,406677 
  980  3,41156 
  1000  3,416138 
  1020  3,420715 
  1040  3,424988 
  1060  3,429565 
  1080  3,433838 
  1100  3,43811 
  1120  3,442078 
  1140  3,44635 
  1160  3,450317 
  1180  3,454285 
  1200  3,457947 
  1220  3,461914 
  1240  3,465576 
  1260  3,469238 
  1280  3,473206 
  1300  3,476563 
  1320  3,480225 
  1340  3,483887 
  1360  3,487244 
  1380  3,490601 
  1400  3,493958 
  1420  3,497314 
  1440  3,500366 
  1460  3,503723 
  1480  3,506775 
  1500  3,509827 
  1520  3,512878 
  1540  3,51593 
  1560  3,518982 
  1580  3,522034 
  1600  3,52478 
  1620  3,527832 
  1640  3,530579 
  1660  3,533325 
  1680  3,536377 
  1700  3,539124 
  1720  3,541565 
  1740  3,544312 
  1760  3,547058 
  1780  3,549805 
  1800  3,552246 
  1820  3,554993 
  1840  3,557434 
  1860  3,559875 
  1880  3,562622 
  1900  3,565063 
  1920  3,567505 
  1940  3,569946 
  1960  3,572083 
  1980  3,574524 
  2000  3,576965 
  2020  3,579102 
  2040  3,581543 
  2060  3,583679 
  2080  3,586121 
  2100  3,588257 
  2120  3,590393 
  2140  3,592529 
  2160  3,594666 
  2180  3,596802 
  2200  3,598938 
  2220  3,601074 
  2240  3,60321 
  2260  3,605042 
  2280  3,607178 
  2300  3,609314 
  2320  3,611145 
  2340  3,612976 
  2360  3,615112 
  2380  3,616943 
  2400  3,61908 
  2420  3,620911 
  2440  3,622742 
  2460  3,624573 
  2480  3,626404 
  2500  3,628235 
  2520  3,630066 
  2540  3,631897 
  2560  3,633728 
  2580  3,635559 
  2600  3,637085 
  2620  3,638916 
  2640  3,640747 
  2660  3,642273 
  2680  3,644104 
  2700  3,645935 
  2720  3,647461 
  2740  3,648987 
  2760  3,650818 
  2780  3,652344 
  2800  3,65387 
  2820  3,655701 
  2840  3,656921 
  2860  3,658752 
  2880  3,660278 
  2900  3,661804 
  2920  3,66333 
  2940  3,664856 
  2960  3,666077 
  2980  3,667603 
  3000  3,669128 
  3020  3,670349 
  3040  3,671875 
  3060  3,673401 
  3080  3,674622 
  3100  3,676147 
  3120  3,677368 
  3140  3,678894 
  3160  3,680115 
  3180  3,681335 
  3200  3,682556 
  3220  3,683777 
  3240  3,684998 
  3260  3,686218 
  3280  3,687439 
  3300  3,68866 
  3320  3,68988 
  3340  3,690796 
  3360  3,691711 
  3380  3,692627 
  3400  3,693542 
  3420  3,694458 
  3440  3,695374 
  3460  3,695984 
  3480  3,696594 
  3500  3,697205 
  3520  3,697815 
  3540  3,69812 
  3560  3,69873 
  3580  3,699036 
  3600  3,699341 
  3620  3,699646 
  3640  3,699951 
  3660  3,700256 
  3680  3,700256 
  3700  3,700562 
  3720  3,700867 
  3740  3,701172 
  3760  3,701172 
  3780  3,701477 
  3800  3,701477 
  3820  3,701782 
  3840  3,701782 
  3860  3,702087 
  3880  3,702087 
  3900  3,702393 
  3920  3,702393 
  3940  3,702393 
  3960  3,702698 
  3980  3,702698 
  4000  3,702698 
  4020  3,703003 
  4040  3,703003 
  4060  3,703003 
  4080  3,703308 
  4100  3,703308 
  4120  3,703308 
  4140  3,703613 
  4160  3,703613 
  4180  3,703918 
  4200  3,703918 
  4220  3,703918 
  4240  3,704224 
  4260  3,704224 
  4280  3,704224 
  4300  3,704224 
  4320  3,704529 
  4340  3,704529 
  4360  3,704834 
  4380  3,704834 
  4400  3,704834 
  4420  3,705139 
  4440  3,705139 
  4460  3,705139 
  4480  3,705444 
  4500  3,705444 
  4520  3,705444 
  4540  3,70575 
  4560  3,70575 
  4580  3,70575 
  4600  3,706055 
  4620  3,706055 
  4640  3,70636 
  4660  3,70636 
  4680  3,706665 
  4700  3,706665 
  4720  3,706665 
  4740  3,70697 
  4760  3,70697 
  4780  3,707275 
  4800  3,707275 
  4820  3,707275 
  4840  3,707581 
  4860  3,707581 
  4880  3,707886 
  4900  3,707886 
  4920  3,708191 
  4940  3,708191 
  4960  3,708191 
  4980  3,708496 
  5000  3,708496 
  5020  3,708801 
  5040  3,708801 
  5060  3,709106 
  5080  3,709106 
  5100  3,709412 
  5120  3,709717 
  5140  3,709717 
  5160  3,709717 
  5180  3,710022 
  5200  3,710022 
  5220  3,710327 
  5240  3,710327 
  5260  3,710632 
  5280  3,710938 
  5300  3,710938 
  5320  3,711243 
  5340  3,711243 
  5360  3,711548 
  5380  3,711853 
  5400  3,711853 
  5420  3,712158 
  5440  3,712463 
  5460  3,712463 
  5480  3,712769 
  5500  3,712769 
  5520  3,713074 
  5540  3,713379 
  5560  3,713684 
  5580  3,713684 
  5600  3,713989 
  5620  3,714294 
  5640  3,714294 
  5660  3,7146 
  5680  3,714905 
  5700  3,71521 
  5720  3,71521 
  5740  3,715515 
  5760  3,71582 
  5780  3,716125 
  5800  3,716125 
  5820  3,716431 
  5840  3,716736 
  5860  3,717041 
  5880  3,717346 
  5900  3,717651 
  5920  3,717957 
  5940  3,718262 
  5960  3,718262 
  5980  3,718567 
  6000  3,718872 
  6020  3,719177 
  6040  3,719482 
  6060  3,719788 
  6080  3,720093 
  6100  3,720398 
  6120  3,720398 
  6140  3,721008 
  6160  3,721008 
  6180  3,721313 
  6200  3,721619 
  6220  3,721924 
  6240  3,722229 
  6260  3,722534 
  6280  3,722839 
  6300  3,723145 
  6320  3,72345 
  6340  3,723755 
  6360  3,72406 
  6380  3,724365 
  6400  3,72467 
  6420  3,724976 
  6440  3,725281 
  6460  3,725891 
  6480  3,726196 
  6500  3,726501 
  6520  3,726807 
  6540  3,727112 
  6560  3,727417 
  6580  3,727722 
  6600  3,728027 
  6620  3,728333 
  6640  3,728638 
  6660  3,728943 
  6680  3,729248 
  6700  3,729553 
  6720  3,729858 
  6740  3,730164 
  6760  3,730469 
  6780  3,731079 
  6800  3,731384 
  6820  3,731689 
  6840  3,731995 
  6860  3,7323 
  6880  3,732605 
  6900  3,73291 
  6920  3,733215 
  6940  3,733521 
  6960  3,733826 
  6980  3,734131 
  7000  3,734436 
  7020  3,734741 
  7040  3,735046 
  7060  3,735352 
  7080  3,735657 
  7100  3,736267 
  7120  3,736572 
  7140  3,736877 
  7160  3,737183 
  7180  3,737488 
  7200  3,737793 
  7220  3,738098 
  7240  3,738403 
  7260  3,738708 
  7280  3,739014 
  7300  3,739319 
  7320  3,739624 
  7340  3,739929 
  7360  3,740234 
  7380  3,740845 
  7400  3,74115 
  7420  3,741455 
  7440  3,74176 
  7460  3,742065 
  7480  3,742371 
  7500  3,742676 
  7520  3,742981 
  7540  3,743286 
  7560  3,743591 
  7580  3,743896 
  7600  3,744202 
  7620  3,744507 
  7640  3,744812 
  7660  3,745117 
  7680  3,745422 
  7700  3,745728 
  7720  3,746033 
  7740  3,746338 
  7760  3,746643 
  7780  3,746948 
  7800  3,747253 
  7820  3,747559 
  7840  3,747864 
  7860  3,748169 
  7880  3,748474 
  7900  3,748779 
  7920  3,749084 
  7940  3,74939 
  7960  3,749695 
  7980  3,75 
  8000  3,750305 
  8020  3,75061 
  8040  3,750916 
  8060  3,751221 
  8080  3,751526 
  8100  3,751831 
  8120  3,752136 
  8140  3,752441 
  8160  3,752441 
  8180  3,752747 
  8200  3,753052 
  8220  3,753357 
  8240  3,753662 
  8260  3,753967 
  8280  3,754272 
  8300  3,754578 
  8320  3,754883 
  8340  3,755188 
  8360  3,755493 
  8380  3,755798 
  8400  3,755798 
  8420  3,756104 
  8440  3,756409 
  8460  3,756714 
  8480  3,757019 
  8500  3,757324 
  8520  3,757629 
  8540  3,757629 
  8560  3,757935 
  8580  3,75824 
  8600  3,758545 
  8620  3,75885 
  8640  3,759155 
  8660  3,759155 
  8680  3,75946 
  8700  3,759766 
  8720  3,760071 
  8740  3,760376 
  8760  3,760376 
  8780  3,760681 
  8800  3,760986 
  8820  3,760986 
  8840  3,761292 
  8860  3,761597 
  8880  3,761597 
  8900  3,761902 
  8920  3,762207 
  8940  3,762512 
  8960  3,762512 
  8980  3,762817 
  9000  3,762817 
  9020  3,763123 
  9040  3,763428 
  9060  3,763733 
  9080  3,763733 
  9100  3,764038 
  9120  3,764038 
  9140  3,764343 
  9160  3,764648 
  9180  3,764954 
  9200  3,764954 
  9220  3,765259 
  9240  3,765564 
  9260  3,765564 
  9280  3,765869 
  9300  3,766174 
  9320  3,766174 
  9340  3,766479 
  9360  3,766785 
  9380  3,76709 
  9400  3,76709 
  9420  3,767395 
  9440  3,7677 
  9460  3,768005 
  9480  3,768005 
  9500  3,768311 
  9520  3,768616 
  9540  3,768616 
  9560  3,768921 
  9580  3,769226 
  9600  3,769531 
  9620  3,769531 
  9640  3,769836 
  9660  3,770142 
  9680  3,770447 
  9700  3,770752 
  9720  3,770752 
  9740  3,771057 
  9760  3,771362 
  9780  3,771667 
  9800  3,771973 
  9820  3,771973 
  9840  3,772278 
  9860  3,772583 
  9880  3,772888 
  9900  3,773193 
  9920  3,773193 
  9940  3,773499 
  9960  3,773804 
  9980  3,774109 
  10000  3,774414 
  10020  3,774719 
  10040  3,774719 
  10060  3,775024 
  10080  3,77533 
  10100  3,775635 
  10120  3,77594 
  10140  3,776245 
  10160  3,776245 
  10180  3,77655 
  10200  3,776855 
  10220  3,777161 
  10240  3,777466 
  10260  3,777771 
  10280  3,777771 
  10300  3,778076 
  10320  3,778381 
  10340  3,778687 
  10360  3,778687 
  10380  3,778992 
  10400  3,779297 
  10420  3,779602 
  10440  3,779907 
  10460  3,780212 
  10480  3,780212 
  10500  3,780518 
  10520  3,780823 
  10540  3,781128 
  10560  3,781128 
  10580  3,781433 
  10600  3,781738 
  10620  3,782043 
  10640  3,782043 
  10660  3,782349 
  10680  3,782654 
  10700  3,782959 
  10720  3,782959 
  10740  3,783264 
  10760  3,783569 
  10780  3,783569 
  10800  3,783875 
  10820  3,78418 
  10840  3,784485 
  10860  3,784485 
  10880  3,78479 
  10900  3,785095 
  10920  3,785095 
  10940  3,7854 
  10960  3,7854 
  10980  3,785706 
  11000  3,785706 
  11020  3,786011 
  11040  3,786316 
  11060  3,786316 
  11080  3,786316 
  11100  3,786621 
  11120  3,786926 
  11140  3,786926 
  11160  3,787231 
  11180  3,787231 
  11200  3,787537 
  11220  3,787537 
  11240  3,787537 
  11260  3,787842 
  11280  3,787842 
  11300  3,788147 
  11320  3,788147 
  11340  3,788452 
  11360  3,788452 
  11380  3,788757 
  11400  3,788757 
  11420  3,789063 
  11440  3,789063 
  11460  3,789368 
  11480  3,789368 
  11500  3,789673 
  11520  3,789673 
  11540  3,789978 
  11560  3,789978 
  11580  3,790283 
  11600  3,790283 
  11620  3,790588 
  11640  3,790588 
  11660  3,790894 
  11680  3,790894 
  11700  3,791199 
  11720  3,791199 
  11740  3,791504 
  11760  3,791504 
  11780  3,791504 
  11800  3,791809 
  11820  3,791809 
  11840  3,792114 
  11860  3,792114 
  11880  3,792419 
  11900  3,792419 
  11920  3,792725 
  11940  3,792725 
  11960  3,79303 
  11980  3,793335 
  12000  3,793335 
  12020  3,793335 
  12040  3,79364 
  12060  3,79364 
  12080  3,793945 
  12100  3,79425 
  12120  3,79425 
  12140  3,794556 
  12160  3,794556 
  12180  3,794861 
  12200  3,794861 
  12220  3,795166 
  12240  3,795166 
  12260  3,795471 
  12280  3,795471 
  12300  3,795776 
  12320  3,795776 
  12340  3,796082 
  12360  3,796082 
  12380  3,796387 
  12400  3,796387 
  12420  3,796692 
  12440  3,796692 
  12460  3,796997 
  12480  3,796997 
  12500  3,796997 
  12520  3,797302 
  12540  3,797302 
  12560  3,797607 
  12580  3,797607 
  12600  3,797913 
  12620  3,797913 
  12640  3,798218 
  12660  3,798218 
  12680  3,798523 
  12700  3,798523 
  12720  3,798523 
  12740  3,798828 
  12760  3,798828 
  12780  3,799133 
  12800  3,799133 
  12820  3,799133 
  12840  3,799438 
  12860  3,799438 
  12880  3,799744 
  12900  3,799744 
  12920  3,799744 
  12940  3,800049 
  12960  3,800049 
  12980  3,800049 
  13000  3,800354 
  13020  3,800354 
  13040  3,800354 
  13060  3,800659 
  13080  3,800659 
  13100  3,800659 
  13120  3,800964 
  13140  3,800964 
  13160  3,800964 
  13180  3,80127 
  13200  3,80127 
  13220  3,80127 
  13240  3,801575 
  13260  3,801575 
  13280  3,801575 
  13300  3,80188 
  13320  3,80188 
  13340  3,80188 
  13360  3,802185 
  13380  3,802185 
  13400  3,802185 
  13420  3,80249 
  13440  3,80249 
  13460  3,80249 
  13480  3,802795 
  13500  3,802795 
  13520  3,802795 
  13540  3,802795 
  13560  3,803101 
  13580  3,803101 
  13600  3,803101 
  13620  3,803406 
  13640  3,803406 
  13660  3,803406 
  13680  3,803711 
  13700  3,803711 
  13720  3,803711 
  13740  3,804016 
  13760  3,804016 
  13780  3,804016 
  13800  3,804321 
  13820  3,804321 
  13840  3,804321 
  13860  3,804626 
  13880  3,804626 
  13900  3,804626 
  13920  3,804932 
  13940  3,804932 
  13960  3,804932 
  13980  3,805237 
  14000  3,805237 
  14020  3,805237 
  14040  3,805542 
  14060  3,805542 
  14080  3,805542 
  14100  3,805847 
  14120  3,805847 
  14140  3,805847 
  14160  3,806152 
  14180  3,806152 
  14200  3,806152 
  14220  3,806458 
  14240  3,806458 
  14260  3,806763 
  14280  3,806763 
  14300  3,806763 
  14320  3,807068 
  14340  3,807068 
  14360  3,807068 
  14380  3,807373 
  14400  3,807373 
  14420  3,807373 
  14440  3,807678 
  14460  3,807678 
  14480  3,807678 
  14500  3,807983 
  14520  3,807983 
  14540  3,808289 
  14560  3,808289 
  14580  3,808289 
  14600  3,808594 
  14620  3,808594 
  14640  3,808899 
  14660  3,808899 
  14680  3,808899 
  14700  3,809204 
  14720  3,809204 
  14740  3,809204 
  14760  3,809509 
  14780  3,809509 
  14800  3,809509 
  14820  3,809814 
  14840  3,809814 
  14860  3,81012 
  14880  3,81012 
  14900  3,81012 
  14920  3,810425 
  14940  3,810425 
  14960  3,81073 
  14980  3,81073 
  15000  3,81073 
  15020  3,811035 
  15040  3,811035 
  15060  3,81134 
  15080  3,81134 
  15100  3,811646 
  15120  3,811646 
  15140  3,811646 
  15160  3,811951 
  15180  3,811951 
  15200  3,812256 
  15220  3,812256 
  15240  3,812256 
  15260  3,812561 
  15280  3,812561 
  15300  3,812866 
  15320  3,812866 
  15340  3,813171 
  15360  3,813171 
  15380  3,813171 
  15400  3,813477 
  15420  3,813477 
  15440  3,813782 
  15460  3,813782 
  15480  3,813782 
  15500  3,814087 
  15520  3,814087 
  15540  3,814392 
  15560  3,814392 
  15580  3,814697 
  15600  3,814697 
  15620  3,814697 
  15640  3,815002 
  15660  3,815002 
  15680  3,815308 
  15700  3,815308 
  15720  3,815613 
  15740  3,815613 
  15760  3,815918 
  15780  3,815918 
  15800  3,815918 
  15820  3,816223 
  15840  3,816223 
  15860  3,816528 
  15880  3,816528 
  15900  3,816833 
  15920  3,816833 
  15940  3,817139 
  15960  3,817139 
  15980  3,817139 
  16000  3,817444 
  16020  3,817444 
  16040  3,817749 
  16060  3,817749 
  16080  3,818054 
  16100  3,818054 
  16120  3,818359 
  16140  3,818359 
  16160  3,818665 
  16180  3,818665 
  16200  3,81897 
  16220  3,81897 
  16240  3,819275 
  16260  3,819275 
  16280  3,819275 
  16300  3,81958 
  16320  3,81958 
  16340  3,819885 
  16360  3,819885 
  16380  3,82019 
  16400  3,82019 
  16420  3,820496 
  16440  3,820496 
  16460  3,820801 
  16480  3,820801 
  16500  3,821106 
  16520  3,821106 
  16540  3,821411 
  16560  3,821411 
  16580  3,821411 
  16600  3,821716 
  16620  3,821716 
  16640  3,822021 
  16660  3,822327 
  16680  3,822327 
  16700  3,822632 
  16720  3,822632 
  16740  3,822632 
  16760  3,822937 
  16780  3,822937 
  16800  3,823242 
  16820  3,823242 
  16840  3,823547 
  16860  3,823547 
  16880  3,823853 
  16900  3,823853 
  16920  3,824158 
  16940  3,824158 
  16960  3,824463 
  16980  3,824768 
  17000  3,824768 
  17020  3,824768 
  17040  3,825073 
  17060  3,825073 
  17080  3,825378 
  17100  3,825378 
  17120  3,825684 
  17140  3,825989 
  17160  3,825989 
  17180  3,825989 
  17200  3,826294 
  17220  3,826599 
  17240  3,826599 
  17260  3,826904 
  17280  3,826904 
  17300  3,827209 
  17320  3,827209 
  17340  3,827209 
  17360  3,827515 
  17380  3,82782 
  17400  3,82782 
  17420  3,828125 
  17440  3,828125 
  17460  3,82843 
  17480  3,82843 
  17500  3,828735 
  17520  3,828735 
  17540  3,829041 
  17560  3,829346 
  17580  3,829346 
  17600  3,829651 
  17620  3,829651 
  17640  3,829956 
  17660  3,829956 
  17680  3,830261 
  17700  3,830261 
  17720  3,830566 
  17740  3,830872 
  17760  3,830872 
  17780  3,831177 
  17800  3,831177 
  17820  3,831482 
  17840  3,831482 
  17860  3,831787 
  17880  3,831787 
  17900  3,832092 
  17920  3,832092 
  17940  3,832397 
  17960  3,832703 
  17980  3,832703 
  18000  3,833008 
  18020  3,833008 
  18040  3,833313 
  18060  3,833618 
  18080  3,833618 
  18100  3,833923 
  18120  3,833923 
  18140  3,834229 
  18160  3,834229 
  18180  3,834534 
  18200  3,834534 
  18220  3,834839 
  18240  3,835144 
  18260  3,835144 
  18280  3,835449 
  18300  3,835449 
  18320  3,835754 
  18340  3,83606 
  18360  3,83606 
  18380  3,836365 
  18400  3,836365 
  18420  3,83667 
  18440  3,83667 
  18460  3,836975 
  18480  3,83728 
  18500  3,83728 
  18520  3,837585 
  18540  3,837585 
  18560  3,837891 
  18580  3,838196 
  18600  3,838196 
  18620  3,838501 
  18640  3,838501 
  18660  3,838806 
  18680  3,839111 
  18700  3,839111 
  18720  3,839417 
  18740  3,839417 
  18760  3,839722 
  18780  3,840027 
  18800  3,840027 
  18820  3,840332 
  18840  3,840637 
  18860  3,840637 
  18880  3,840942 
  18900  3,840942 
  18920  3,841248 
  18940  3,841553 
  18960  3,841553 
  18980  3,841858 
  19000  3,841858 
  19020  3,842163 
  19040  3,842468 
  19060  3,842468 
  19080  3,842773 
  19100  3,843079 
  19120  3,843079 
  19140  3,843384 
  19160  3,843689 
  19180  3,843689 
  19200  3,843994 
  19220  3,844299 
  19240  3,844299 
  19260  3,844604 
  19280  3,844604 
  19300  3,84491 
  19320  3,845215 
  19340  3,845215 
  19360  3,84552 
  19380  3,845825 
  19400  3,845825 
  19420  3,84613 
  19440  3,846436 
  19460  3,846436 
  19480  3,846741 
  19500  3,847046 
  19520  3,847046 
  19540  3,847351 
  19560  3,847351 
  19580  3,847656 
  19600  3,847961 
  19620  3,848267 
  19640  3,848267 
  19660  3,848572 
  19680  3,848572 
  19700  3,848877 
  19720  3,849182 
  19740  3,849487 
  19760  3,849487 
  19780  3,849792 
  19800  3,849792 
  19820  3,850098 
  19840  3,850403 
  19860  3,850708 
  19880  3,850708 
  19900  3,851013 
  19920  3,851318 
  19940  3,851318 
  19960  3,851624 
  19980  3,851929 
  20000  3,851929 
  20020  3,852234 
  20040  3,852539 
  20060  3,852844 
  20080  3,852844 
  20100  3,853149 
  20120  3,853455 
  20140  3,853455 
  20160  3,85376 
  20180  3,854065 
  20200  3,854065 
  20220  3,85437 
  20240  3,854675 
  20260  3,854675 
  20280  3,85498 
  20300  3,855286 
  20320  3,855591 
  20340  3,855591 
  20360  3,855896 
  20380  3,856201 
  20400  3,856506 
  20420  3,856506 
  20440  3,856812 
  20460  3,857117 
  20480  3,857117 
  20500  3,857422 
  20520  3,857727 
  20540  3,858032 
  20560  3,858032 
  20580  3,858337 
  20600  3,858643 
  20620  3,858948 
  20640  3,858948 
  20660  3,859253 
  20680  3,859558 
  20700  3,859558 
  20720  3,859863 
  20740  3,860168 
  20760  3,860474 
  20780  3,860474 
  20800  3,860779 
  20820  3,861084 
  20840  3,861389 
  20860  3,861389 
  20880  3,861694 
  20900  3,862 
  20920  3,862305 
  20940  3,86261 
  20960  3,862915 
  20980  3,862915 
  21000  3,86322 
  21020  3,863525 
  21040  3,863831 
  21060  3,863831 
  21080  3,864136 
  21100  3,864441 
  21120  3,864746 
  21140  3,864746 
  21160  3,865051 
  21180  3,865356 
  21200  3,865662 
  21220  3,865662 
  21240  3,865967 
  21260  3,866272 
  21280  3,866577 
  21300  3,866882 
  21320  3,867188 
  21340  3,867188 
  21360  3,867493 
  21380  3,867798 
  21400  3,868103 
  21420  3,868408 
  21440  3,868408 
  21460  3,868713 
  21480  3,869019 
  21500  3,869324 
  21520  3,869324 
  21540  3,869629 
  21560  3,869934 
  21580  3,870239 
  21600  3,870544 
  21620  3,870544 
  21640  3,87085 
  21660  3,871155 
  21680  3,87146 
  21700  3,871765 
  21720  3,87207 
  21740  3,872375 
  21760  3,872681 
  21780  3,872681 
  21800  3,872986 
  21820  3,873291 
  21840  3,873596 
  21860  3,873901 
  21880  3,873901 
  21900  3,874207 
  21920  3,874512 
  21940  3,874817 
  21960  3,875122 
  21980  3,875427 
  22000  3,875732 
  22020  3,875732 
  22040  3,876038 
  22060  3,876343 
  22080  3,876648 
  22100  3,876953 
  22120  3,877258 
  22140  3,877563 
  22160  3,877869 
  22180  3,877869 
  22200  3,878174 
  22220  3,878479 
  22240  3,878784 
  22260  3,879089 
  22280  3,879395 
  22300  3,8797 
  22320  3,880005 
  22340  3,88031 
  22360  3,880615 
  22380  3,880615 
  22400  3,88092 
  22420  3,881226 
  22440  3,881531 
  22460  3,881836 
  22480  3,882141 
  22500  3,882446 
  22520  3,882751 
  22540  3,883057 
  22560  3,883362 
  22580  3,883667 
  22600  3,883972 
  22620  3,884277 
  22640  3,884583 
  22660  3,884583 
  22680  3,885193 
  22700  3,885193 
  22720  3,885498 
  22740  3,885803 
  22760  3,886108 
  22780  3,886414 
  22800  3,886719 
  22820  3,887024 
  22840  3,887329 
  22860  3,887634 
  22880  3,887939 
  22900  3,888245 
  22920  3,88855 
  22940  3,888855 
  22960  3,88916 
  22980  3,889465 
  23000  3,889771 
  23020  3,890076 
  23040  3,890381 
  23060  3,890686 
  23080  3,890991 
  23100  3,891296 
  23120  3,891602 
  23140  3,891907 
  23160  3,892212 
  23180  3,892517 
  23200  3,892822 
  23220  3,893127 
  23240  3,893433 
  23260  3,893738 
  23280  3,894348 
  23300  3,894348 
  23320  3,894653 
  23340  3,894958 
  23360  3,895264 
  23380  3,895874 
  23400  3,895874 
  23420  3,896484 
  23440  3,89679 
  23460  3,897095 
  23480  3,8974 
  23500  3,897705 
  23520  3,89801 
  23540  3,898315 
  23560  3,898621 
  23580  3,898926 
  23600  3,899231 
  23620  3,899841 
  23640  3,900146 
  23660  3,900452 
  23680  3,900757 
  23700  3,901062 
  23720  3,901367 
  23740  3,901672 
  23760  3,901978 
  23780  3,902283 
  23800  3,902588 
  23820  3,903198 
  23840  3,903503 
  23860  3,903809 
  23880  3,904114 
  23900  3,904419 
  23920  3,905029 
  23940  3,905334 
  23960  3,90564 
  23980  3,905945 
  24000  3,90625 
  24020  3,906555 
  24040  3,90686 
  24060  3,907471 
  24080  3,907776 
  24100  3,908081 
  24120  3,908386 
  24140  3,908691 
  24160  3,908997 
  24180  3,909607 
  24200  3,909912 
  24220  3,910217 
  24240  3,910522 
  24260  3,910828 
  24280  3,911438 
  24300  3,911743 
  24320  3,912048 
  24340  3,912354 
  24360  3,912964 
  24380  3,913269 
  24400  3,913574 
  24420  3,913879 
  24440  3,91449 
  24460  3,914795 
  24480  3,9151 
  24500  3,91571 
  24520  3,916016 
  24540  3,916321 
  24560  3,916626 
  24580  3,917236 
  24600  3,917542 
  24620  3,917847 
  24640  3,918152 
  24660  3,918762 
  24680  3,919067 
  24700  3,919678 
  24720  3,919983 
  24740  3,920288 
  24760  3,920898 
  24780  3,921204 
  24800  3,921509 
  24820  3,922119 
  24840  3,922424 
  24860  3,922729 
  24880  3,92334 
  24900  3,923645 
  24920  3,92395 
  24940  3,924561 
  24960  3,924866 
  24980  3,925171 
  25000  3,925781 
  25020  3,926086 
  25040  3,926697 
  25060  3,927002 
  25080  3,927307 
  25100  3,927917 
  25120  3,928223 
  25140  3,928833 
  25160  3,929138 
  25180  3,929443 
  25200  3,930054 
  25220  3,930359 
  25240  3,930969 
  25260  3,931274 
  25280  3,931885 
  25300  3,93219 
  25320  3,9328 
  25340  3,933105 
  25360  3,933716 
  25380  3,934021 
  25400  3,934326 
  25420  3,934937 
  25440  3,935242 
  25460  3,935852 
  25480  3,936157 
  25500  3,936768 
  25520  3,937073 
  25540  3,937683 
  25560  3,937988 
  25580  3,938599 
  25600  3,938904 
  25620  3,939514 
  25640  3,939819 
  25660  3,94043 
  25680  3,940735 
  25700  3,941345 
  25720  3,94165 
  25740  3,942261 
  25760  3,942566 
  25780  3,943176 
  25800  3,943481 
  25820  3,944092 
  25840  3,944397 
  25860  3,945007 
  25880  3,945313 
  25900  3,945923 
  25920  3,946228 
  25940  3,946838 
  25960  3,947144 
  25980  3,947754 
  26000  3,948059 
  26020  3,948669 
  26040  3,948975 
  26060  3,94928 
  26080  3,94989 
  26100  3,950195 
  26120  3,950806 
  26140  3,951111 
  26160  3,951416 
  26180  3,952026 
  26200  3,952332 
  26220  3,952942 
  26240  3,953247 
  26260  3,953552 
  26280  3,954163 
  26300  3,954468 
  26320  3,954773 
  26340  3,955383 
  26360  3,955688 
  26380  3,955994 
  26400  3,956299 
  26420  3,956909 
  26440  3,957214 
  26460  3,95752 
  26480  3,95813 
  26500  3,958435 
  26520  3,95874 
  26540  3,959045 
  26560  3,959656 
  26580  3,959961 
  26600  3,960266 
  26620  3,960571 
  26640  3,960876 
  26660  3,961487 
  26680  3,961792 
  26700  3,962097 
  26720  3,962402 
  26740  3,962708 
  26760  3,963013 
  26780  3,963623 
  26800  3,963928 
  26820  3,964233 
  26840  3,964539 
  26860  3,964844 
  26880  3,965149 
  26900  3,965454 
  26920  3,965759 
  26940  3,966064 
  26960  3,96637 
  26980  3,966675 
  27000  3,967285 
  27020  3,96759 
  27040  3,967896 
  27060  3,968201 
  27080  3,968506 
  27100  3,968811 
  27120  3,969116 
  27140  3,969421 
  27160  3,969727 
  27180  3,970032 
  27200  3,970337 
  27220  3,970642 
  27240  3,970947 
  27260  3,971252 
  27280  3,971558 
  27300  3,971863 
  27320  3,972168 
  27340  3,972473 
  27360  3,972778 
  27380  3,973083 
  27400  3,973389 
  27420  3,973694 
  27440  3,973999 
  27460  3,974304 
  27480  3,974609 
  27500  3,974915 
  27520  3,97522 
  27540  3,97522 
  27560  3,975525 
  27580  3,97583 
  27600  3,976135 
  27620  3,97644 
  27640  3,976746 
  27660  3,977051 
  27680  3,977356 
  27700  3,977356 
  27720  3,977661 
  27740  3,977966 
  27760  3,978271 
  27780  3,978577 
  27800  3,978882 
  27820  3,979187 
  27840  3,979187 
  27860  3,979492 
  27880  3,979797 
  27900  3,979797 
  27920  3,980103 
  27940  3,980408 
  27960  3,980713 
  27980  3,981018 
  28000  3,981018 
  28020  3,981323 
  28040  3,981628 
  28060  3,981934 
  28080  3,981934 
  28100  3,982239 
  28120  3,982544 
  28140  3,982849 
  28160  3,982849 
  28180  3,983154 
  28200  3,983459 
  28220  3,983765 
  28240  3,983765 
  28260  3,98407 
  28280  3,984375 
  28300  3,98468 
  28320  3,984985 
  28340  3,984985 
  28360  3,985291 
  28380  3,985596 
  28400  3,985901 
  28420  3,985901 
  28440  3,986206 
  28460  3,986511 
  28480  3,986816 
  28500  3,987122 
  28520  3,987122 
  28540  3,987427 
  28560  3,987732 
  28580  3,988037 
  28600  3,988342 
  28620  3,988342 
  28640  3,988647 
  28660  3,988953 
  28680  3,989258 
  28700  3,989258 
  28720  3,989563 
  28740  3,989868 
  28760  3,990173 
  28780  3,990479 
  28800  3,990784 
  28820  3,990784 
  28840  3,991089 
  28860  3,991394 
  28880  3,991699 
  28900  3,992004 
  28920  3,99231 
  28940  3,99231 
  28960  3,992615 
  28980  3,99292 
  29000  3,993225 
  29020  3,99353 
  29040  3,993835 
  29060  3,993835 
  29080  3,994141 
  29100  3,994446 
  29120  3,994751 
  29140  3,995056 
  29160  3,995361 
  29180  3,995667 
  29200  3,995972 
  29220  3,996277 
  29240  3,996277 
  29260  3,996582 
  29280  3,996887 
  29300  3,997192 
  29320  3,997498 
  29340  3,997803 
  29360  3,998108 
  29380  3,998413 
  29400  3,998718 
  29420  3,999023 
  29440  3,999329 
  29460  3,999634 
  29480  3,999939 
  29500  4,000244 
  29520  4,000549 
  29540  4,000854 
  29560  4,00116 
  29580  4,001465 
  29600  4,00177 
  29620  4,002075 
  29640  4,00238 
  29660  4,002686 
  29680  4,002991 
  29700  4,003296 
  29720  4,003906 
  29740  4,004211 
  29760  4,004517 
  29780  4,004822 
  29800  4,005127 
  29820  4,005432 
  29840  4,005737 
  29860  4,006042 
  29880  4,006653 
  29900  4,006958 
  29920  4,007263 
  29940  4,007874 
  29960  4,008179 
  29980  4,008484 
  30000  4,008789 
  30020  4,009094 
  30040  4,009705 
  30060  4,01001 
  30080  4,010315 
  30100  4,010925 
  30120  4,01123 
  30140  4,011536 
  30160  4,012146 
  30180  4,012451 
  30200  4,013062 
  30220  4,013367 
  30240  4,013977 
  30260  4,014282 
  30280  4,014587 
  30300  4,015198 
  30320  4,015503 
  30340  4,016113 
  30360  4,016418 
  30380  4,017029 
  30400  4,017334 
  30420  4,017944 
  30440  4,018555 
  30460  4,01886 
  30480  4,01947 
  30500  4,020081 
  30520  4,020386 
  30540  4,020996 
  30560  4,021606 
  30580  4,021912 
  30600  4,022522 
  30620  4,023132 
  30640  4,023743 
  30660  4,024048 
  30680  4,024658 
  30700  4,025269 
  30720  4,025879 
  30740  4,026489 
  30760  4,026794 
  30780  4,027405 
  30800  4,028015 
  30820  4,028625 
  30840  4,029236 
  30860  4,029846 
  30880  4,030457 
  30900  4,031067 
  30920  4,031677 
  30940  4,032288 
  30960  4,032898 
  30980  4,033508 
  31000  4,034119 
  31020  4,034729 
  31040  4,035645 
  31060  4,036255 
  31080  4,036865 
  31100  4,037476 
  31120  4,038086 
  31140  4,038696 
  31160  4,039612 
  31180  4,040222 
  31200  4,040833 
  31220  4,041443 
  31240  4,042053 
  31260  4,042969 
  31280  4,043579 
  31300  4,044189 
  31320  4,045105 
  31340  4,045715 
  31360  4,046326 
  31380  4,046936 
  31400  4,047852 
  31420  4,048462 
  31440  4,049377 
  31460  4,049988 
  31480  4,050598 
  31500  4,051208 
  31520  4,052124 
  31540  4,052734 
  31560  4,05365 
  31580  4,05426 
  31600  4,054871 
  31620  4,055481 
  31640  4,056396 
  31660  4,057007 
  31680  4,057617 
  31700  4,058533 
  31720  4,059143 
  31740  4,059753 
  31760  4,060364 
  31780  4,061279 
  31800  4,06189 
  31820  4,0625 
  31840  4,06311 
  31860  4,063721 
  31880  4,064636 
  31900  4,065247 
  31920  4,065857 
  31940  4,066467 
  31960  4,067078 
  31980  4,067688 
  32000  4,068298 
  32020  4,068909 
  32040  4,069519 
  32060  4,070129 
  32080  4,07074 
  32100  4,07135 
  32120  4,07196 
  32140  4,072571 
  32160  4,072876 
  32180  4,073486 
  32200  4,074097 
  32220  4,074707 
  32240  4,075317 
  32260  4,075623 
  32280  4,076233 
  32300  4,076538 
  32320  4,077148 
  32340  4,077759 
  32360  4,078064 
  32380  4,078674 
  32400  4,078979 
  32420  4,07959 
  32440  4,079895 
  32460  4,080505 
  32480  4,080811 
  32500  4,081116 
  32520  4,081726 
  32540  4,082031 
  32560  4,082642 
  32580  4,082947 
  32600  4,083252 
  32620  4,083557 
  32640  4,083862 
  32660  4,084473 
  32680  4,084778 
  32700  4,085083 
  32720  4,085388 
  32740  4,085693 
  32760  4,085999 
  32780  4,086304 
  32800  4,086609 
  32820  4,086914 
  32840  4,087219 
  32860  4,087524 
  32880  4,087524 
  32900  4,08783 
  32920  4,088135 
  32940  4,08844 
  32960  4,088745 
  32980  4,08905 
  33000  4,08905 
  33020  4,089355 
  33040  4,089661 
  33060  4,089966 
  33080  4,090271 
  33100  4,090271 
  33120  4,090576 
  33140  4,090881 
  33160  4,091187 
  33180  4,091187 
  33200  4,091492 
  33220  4,091797 
  33240  4,091797 
  33260  4,092102 
  33280  4,092407 
  33300  4,092712 
  33320  4,092712 
  33340  4,093018 
  33360  4,093323 
  33380  4,093323 
  33400  4,093628 
  33420  4,093933 
  33440  4,094238 
  33460  4,094543 
  33480  4,094849 
  33500  4,094849 
  33520  4,095154 
  33540  4,095459 
  33560  4,095764 
  33580  4,096069 
  33600  4,09668 
  33620  4,096985 
  33640  4,09729 
  33660  4,097595 
  33680  4,0979 
  33700  4,098206 
  33720  4,098511 
  33740  4,098816 
  33760  4,099426 
  33780  4,099731 
  33800  4,100037 
  33820  4,100342 
  33840  4,100647 
  33860  4,101257 
  33880  4,101563 
  33900  4,101868 
  33920  4,102173 
  33940  4,102783 
  33960  4,103088 
  33980  4,103394 
  34000  4,104004 
  34020  4,104309 
  34040  4,104614 
  34060  4,104919 
  34080  4,10553 
  34100  4,105835 
  34120  4,106445 
  34140  4,10675 
  34160  4,107056 
  34180  4,107666 
  34200  4,107971 
  34220  4,108276 
  34240  4,108887 
  34260  4,109192 
  34280  4,109802 
  34300  4,110107 
  34320  4,110413 
  34340  4,111023 
  34360  4,111328 
  34380  4,111938 
  34400  4,112244 
  34420  4,112549 
  34440  4,113159 
  34460  4,113464 
  34480  4,11377 
  34500  4,11438 
  34520  4,114685 
  34540  4,115295 
  34560  4,115601 
  34580  4,116211 
  34600  4,116516 
  34620  4,116821 
  34640  4,117432 
  34660  4,117737 
  34680  4,118347 
  34700  4,118652 
  34720  4,119263 
  34740  4,119568 
  34760  4,119873 
  34780  4,120483 
  34800  4,120789 
  34820  4,121399 
  34840  4,121704 
  34860  4,122314 
  34880  4,12262 
  34900  4,122925 
  34920  4,123535 
  34940  4,12384 
  34960  4,124451 
  34980  4,124756 
  35000  4,125366 
  35020  4,125671 
  35040  4,126282 
  35060  4,126587 
  35080  4,126892 
  35100  4,127502 
  35120  4,127808 
  35140  4,128418 
  35160  4,128723 
  35180  4,129333 
  35200  4,129639 
  35220  4,129944 
  35240  4,130554 
  35260  4,131165 
  35280  4,13147 
  35300  4,131775 
  35320  4,132385 
  35340  4,13269 
  35360  4,133301 
  35380  4,133606 
  35400  4,134216 
  35420  4,134827 
  35440  4,135132 
  35460  4,135437 
  35480  4,135742 
  35500  4,136353 
  35520  4,136658 
  35540  4,137268 
  35560  4,137573 
  35580  4,138184 
  35600  4,138489 
  35620  4,139099 
  35640  4,139404 
  35660  4,140015 
  35680  4,14032 
  35700  4,14093 
  35720  4,141235 
  35740  4,141846 
  35760  4,142151 
  35780  4,142456 
  35800  4,143066 
  35820  4,143372 
  35840  4,143982 
  35860  4,144287 
  35880  4,144897 
  35900  4,145203 
  35920  4,145813 
  35940  4,146118 
  35960  4,146729 
  35980  4,147034 
  36000  4,147644 
  36020  4,147949 
  36040  4,14856 
  36060  4,148865 
  36080  4,149475 
  36100  4,14978 
  36120  4,150391 
  36140  4,150696 
  36160  4,151001 
  36180  4,151611 
  36200  4,151917 
  36220  4,152527 
  36240  4,152832 
  36260  4,153442 
  36280  4,153748 
  36300  4,154358 
  36320  4,154663 
  36340  4,155273 
  36360  4,155579 
  36380  4,156189 
  36400  4,156494 
  36420  4,157104 
  36440  4,15741 
  36460  4,15802 
  36480  4,158325 
  36500  4,158936 
  36520  4,159241 
  36540  4,159851 
  36560  4,160156 
  36580  4,160767 
  36600  4,161072 
  36620  4,161682 
  36640  4,161987 
  36660  4,162598 
  36680  4,162903 
  36700  4,163513 
  36720  4,163818 
  36740  4,164429 
  36760  4,164734 
  36780  4,165344 
  36800  4,165649 
  36820  4,16626 
  36840  4,166565 
  36860  4,167175 
  36880  4,16748 
  36900  4,168091 
  36920  4,168396 
  36940  4,169006 
  36960  4,169312 
  36980  4,169922 
  37000  4,170227 
  37020  4,170837 
  37040  4,171143 
  37060  4,171753 
  37080  4,172058 
  37100  4,172668 
  37120  4,172974 
  37140  4,173584 
  37160  4,173889 
  37180  4,1745 
  37200  4,174805 
  37220  4,175415 
  37240  4,17572 
  37260  4,176331 
  37280  4,176636 
  37300  4,177246 
  37320  4,177551 
  37340  4,178162 
  37360  4,178467 
  37380  4,179077 
  37400  4,179688 
  37420  4,179993 
  37440  4,180603 
  37460  4,180908 
  37480  4,181519 
  37500  4,181824 
  37520  4,182434 
  37540  4,182739 
  37560  4,18335 
  37580  4,183655 
  37600  4,184265 
  37620  4,18457 
  37640  4,185181 
  37660  4,185486 
  37680  4,186096 
  37700  4,186707 
  37720  4,187012 
  37740  4,187317 
  37760  4,187927 
  37780  4,188232 
  37800  4,188843 
  37820  4,189453 
  37840  4,189758 
  37860  4,190369 
  37880  4,190674 
  37900  4,191284 
  37920  4,191589 
  37940  4,1922 
  37960  4,192505 
  37980  4,193115 
  38000  4,19342 
  38020  4,194031 
  38040  4,194641 
  38060  4,194946 
  38080  4,195557 
  38100  4,195862 
  38120  4,196472 
  38140  4,196777 
  38160  4,197388 
  38180  4,197693 
  38200  4,198303 
  38220  4,198608 
  38240  4,199219 
  38260  4,199829 
  38280  4,200134 
  38284,6  4,200439 
