  0  4,194336 
  20  4,190979 
  40  4,190063 
  60  4,189148 
  80  4,188232 
  100  4,187622 
  120  4,187012 
  140  4,186096 
  160  4,185486 
  180  4,184875 
  200  4,184265 
  220  4,183655 
  240  4,183044 
  260  4,182434 
  280  4,181824 
  300  4,181213 
  320  4,180603 
  340  4,179993 
  360  4,179382 
  380  4,178772 
  400  4,178162 
  420  4,177551 
  440  4,177246 
  460  4,176636 
  480  4,176025 
  500  4,175415 
  520  4,174805 
  540  4,174194 
  560  4,173584 
  580  4,173279 
  600  4,172668 
  620  4,172058 
  640  4,171448 
  660  4,171143 
  680  4,170532 
  700  4,169922 
  720  4,169312 
  740  4,168701 
  760  4,168396 
  780  4,167786 
  800  4,167175 
  820  4,16687 
  840  4,16626 
  860  4,165649 
  880  4,165039 
  900  4,164734 
  920  4,164124 
  940  4,163513 
  960  4,163208 
  980  4,162598 
  1000  4,161987 
  1020  4,161682 
  1040  4,161072 
  1060  4,160461 
  1080  4,160156 
  1100  4,159546 
  1120  4,158936 
  1140  4,158325 
  1160  4,15802 
  1180  4,15741 
  1200  4,156799 
  1220  4,156494 
  1240  4,155884 
  1260  4,155579 
  1280  4,154968 
  1300  4,154358 
  1320  4,154053 
  1340  4,153442 
  1360  4,152832 
  1380  4,152527 
  1400  4,151917 
  1420  4,151611 
  1440  4,151001 
  1460  4,150696 
  1480  4,150085 
  1500  4,149475 
  1520  4,14917 
  1540  4,14856 
  1560  4,148254 
  1580  4,147644 
  1600  4,147034 
  1620  4,146729 
  1640  4,146118 
  1660  4,145508 
  1680  4,145203 
  1700  4,144592 
  1720  4,143982 
  1740  4,143677 
  1760  4,143066 
  1780  4,142761 
  1800  4,142151 
  1820  4,141541 
  1840  4,141235 
  1860  4,140625 
  1880  4,14032 
  1900  4,139709 
  1920  4,139404 
  1940  4,138794 
  1960  4,138184 
  1980  4,137878 
  2000  4,137268 
  2020  4,136963 
  2040  4,136353 
  2060  4,136047 
  2080  4,135437 
  2100  4,135132 
  2120  4,134521 
  2140  4,133911 
  2160  4,133606 
  2180  4,132996 
  2200  4,13269 
  2220  4,13208 
  2240  4,131775 
  2260  4,131165 
  2280  4,130554 
  2300  4,130249 
  2320  4,129639 
  2340  4,129333 
  2360  4,128723 
  2380  4,128418 
  2400  4,127808 
  2420  4,127197 
  2440  4,126892 
  2460  4,126282 
  2480  4,125977 
  2500  4,125366 
  2520  4,124756 
  2540  4,124451 
  2560  4,12384 
  2580  4,123535 
  2600  4,122925 
  2620  4,12262 
  2640  4,122009 
  2660  4,121704 
  2680  4,121094 
  2700  4,120483 
  2720  4,120178 
  2740  4,119568 
  2760  4,119263 
  2780  4,118652 
  2800  4,118347 
  2820  4,117737 
  2840  4,117432 
  2860  4,116821 
  2880  4,116516 
  2900  4,115906 
  2920  4,115295 
  2940  4,11499 
  2960  4,11438 
  2980  4,114075 
  3000  4,113464 
  3020  4,113159 
  3040  4,112549 
  3060  4,111938 
  3080  4,111633 
  3100  4,111023 
  3120  4,110718 
  3140  4,110107 
  3160  4,109802 
  3180  4,109192 
  3200  4,108887 
  3220  4,108276 
  3240  4,107971 
  3260  4,107361 
  3280  4,107056 
  3300  4,106445 
  3320  4,105835 
  3340  4,10553 
  3360  4,104919 
  3380  4,104614 
  3400  4,104004 
  3420  4,103699 
  3440  4,103088 
  3460  4,102783 
  3480  4,102173 
  3500  4,101868 
  3520  4,101257 
  3540  4,100952 
  3560  4,100342 
  3580  4,100037 
  3600  4,099426 
  3620  4,099121 
  3640  4,098511 
  3660  4,0979 
  3680  4,097595 
  3700  4,096985 
  3720  4,09668 
  3740  4,096069 
  3760  4,095764 
  3780  4,095154 
  3800  4,094849 
  3820  4,094238 
  3840  4,093933 
  3860  4,093323 
  3880  4,093018 
  3900  4,092407 
  3920  4,092102 
  3940  4,091492 
  3960  4,091187 
  3980  4,090576 
  4000  4,090271 
  4020  4,089661 
  4040  4,089355 
  4060  4,08905 
  4080  4,08844 
  4100  4,08783 
  4120  4,087524 
  4140  4,087219 
  4160  4,086609 
  4180  4,086304 
  4200  4,085693 
  4220  4,085388 
  4240  4,084778 
  4260  4,084473 
  4280  4,083862 
  4300  4,083557 
  4320  4,082947 
  4340  4,082642 
  4360  4,082336 
  4380  4,081726 
  4400  4,081421 
  4420  4,080811 
  4440  4,080505 
  4460  4,0802 
  4480  4,07959 
  4500  4,079285 
  4520  4,078674 
  4540  4,078369 
  4560  4,078064 
  4580  4,077454 
  4600  4,077148 
  4620  4,076843 
  4640  4,076233 
  4660  4,075928 
  4680  4,075623 
  4700  4,075012 
  4720  4,074707 
  4740  4,074402 
  4760  4,074097 
  4780  4,073486 
  4800  4,073181 
  4820  4,072876 
  4840  4,072571 
  4860  4,072266 
  4880  4,07196 
  4900  4,07135 
  4920  4,071045 
  4940  4,07074 
  4960  4,070435 
  4980  4,070129 
  5000  4,069824 
  5020  4,069519 
  5040  4,069214 
  5060  4,068909 
  5080  4,068604 
  5100  4,068298 
  5120  4,067993 
  5140  4,067688 
  5160  4,067383 
  5180  4,067078 
  5200  4,066772 
  5220  4,066467 
  5240  4,066162 
  5260  4,065857 
  5280  4,065552 
  5300  4,065247 
  5320  4,064941 
  5340  4,064636 
  5360  4,064331 
  5380  4,064026 
  5400  4,063721 
  5420  4,063416 
  5440  4,06311 
  5460  4,062805 
  5480  4,0625 
  5500  4,062195 
  5520  4,06189 
  5540  4,061584 
  5560  4,061279 
  5580  4,060974 
  5600  4,060669 
  5620  4,060364 
  5640  4,060059 
  5660  4,059448 
  5680  4,059143 
  5700  4,058838 
  5720  4,058533 
  5740  4,058228 
  5760  4,057922 
  5780  4,057617 
  5800  4,057007 
  5820  4,056702 
  5840  4,056396 
  5860  4,056091 
  5880  4,055481 
  5900  4,055176 
  5920  4,054871 
  5940  4,05426 
  5960  4,053955 
  5980  4,053345 
  6000  4,05304 
  6020  4,052429 
  6040  4,052124 
  6060  4,051514 
  6080  4,051208 
  6100  4,050598 
  6120  4,050293 
  6140  4,049683 
  6160  4,049072 
  6180  4,048462 
  6200  4,048157 
  6220  4,047546 
  6240  4,046936 
  6260  4,046326 
  6280  4,045715 
  6300  4,045105 
  6320  4,044495 
  6340  4,043884 
  6360  4,043274 
  6380  4,042664 
  6400  4,042053 
  6420  4,041443 
  6440  4,040833 
  6460  4,040222 
  6480  4,039612 
  6500  4,039001 
  6520  4,038391 
  6540  4,037781 
  6560  4,036865 
  6580  4,036255 
  6600  4,035645 
  6620  4,035034 
  6640  4,034424 
  6660  4,033813 
  6680  4,033203 
  6700  4,032288 
  6720  4,031677 
  6740  4,031067 
  6760  4,030457 
  6780  4,029846 
  6800  4,028931 
  6820  4,02832 
  6840  4,02771 
  6860  4,0271 
  6880  4,026184 
  6900  4,025574 
  6920  4,024963 
  6940  4,024353 
  6960  4,023743 
  6980  4,022827 
  7000  4,022217 
  7020  4,021606 
  7040  4,020996 
  7060  4,020386 
  7080  4,019775 
  7100  4,01886 
  7120  4,01825 
  7140  4,017639 
  7160  4,017029 
  7180  4,016113 
  7200  4,015503 
  7220  4,014893 
  7240  4,014282 
  7260  4,013672 
  7280  4,013062 
  7300  4,012451 
  7320  4,011841 
  7340  4,01123 
  7360  4,01062 
  7380  4,009705 
  7400  4,009094 
  7420  4,008484 
  7440  4,007874 
  7460  4,007568 
  7480  4,006653 
  7500  4,006348 
  7520  4,005737 
  7540  4,005127 
  7560  4,004517 
  7580  4,003906 
  7600  4,003296 
  7620  4,002686 
  7640  4,002075 
  7660  4,00177 
  7680  4,00116 
  7700  4,000549 
  7720  3,999939 
  7740  3,999329 
  7760  3,999023 
  7780  3,998413 
  7800  3,997803 
  7820  3,997192 
  7840  3,996887 
  7860  3,996277 
  7880  3,995667 
  7900  3,995361 
  7920  3,994751 
  7940  3,994141 
  7960  3,993835 
  7980  3,993225 
  8000  3,99292 
  8020  3,99231 
  8040  3,992004 
  8060  3,991699 
  8080  3,991089 
  8100  3,990479 
  8120  3,990173 
  8140  3,989563 
  8160  3,989258 
  8180  3,988647 
  8200  3,988342 
  8220  3,987732 
  8240  3,987427 
  8260  3,987122 
  8280  3,986816 
  8300  3,986206 
  8320  3,985901 
  8340  3,985596 
  8360  3,984985 
  8380  3,98468 
  8400  3,984375 
  8420  3,983765 
  8440  3,983459 
  8460  3,983154 
  8480  3,982544 
  8500  3,982239 
  8520  3,981934 
  8540  3,981628 
  8560  3,981018 
  8580  3,980713 
  8600  3,980408 
  8620  3,980103 
  8640  3,979797 
  8660  3,979492 
  8680  3,978882 
  8700  3,978577 
  8720  3,978271 
  8740  3,977966 
  8760  3,977661 
  8780  3,977356 
  8800  3,976746 
  8820  3,97644 
  8840  3,976135 
  8860  3,97583 
  8880  3,975525 
  8900  3,97522 
  8920  3,974915 
  8940  3,974609 
  8960  3,974304 
  8980  3,973999 
  9000  3,973694 
  9020  3,973389 
  9040  3,973083 
  9060  3,972778 
  9080  3,972473 
  9100  3,972168 
  9120  3,971558 
  9140  3,971558 
  9160  3,971252 
  9180  3,970642 
  9200  3,970337 
  9220  3,970032 
  9240  3,969727 
  9260  3,969421 
  9280  3,969116 
  9300  3,968811 
  9320  3,968506 
  9340  3,968201 
  9360  3,967896 
  9380  3,96759 
  9400  3,967285 
  9420  3,96698 
  9440  3,966675 
  9460  3,96637 
  9480  3,966064 
  9500  3,965759 
  9520  3,965759 
  9540  3,965149 
  9560  3,965149 
  9580  3,964539 
  9600  3,964539 
  9620  3,964233 
  9640  3,963928 
  9660  3,963623 
  9680  3,963318 
  9700  3,963013 
  9720  3,962708 
  9740  3,962402 
  9760  3,962097 
  9780  3,961792 
  9800  3,961487 
  9820  3,961182 
  9840  3,960876 
  9860  3,960571 
  9880  3,960266 
  9900  3,959961 
  9920  3,959656 
  9940  3,959351 
  9960  3,959045 
  9980  3,95874 
  10000  3,958435 
  10020  3,95813 
  10040  3,957825 
  10060  3,95752 
  10080  3,957214 
  10100  3,956909 
  10120  3,956604 
  10140  3,956299 
  10160  3,956299 
  10180  3,955994 
  10200  3,955688 
  10220  3,955383 
  10240  3,954773 
  10260  3,954773 
  10280  3,954468 
  10300  3,953857 
  10320  3,953552 
  10340  3,953247 
  10360  3,952942 
  10380  3,952637 
  10400  3,952332 
  10420  3,952026 
  10440  3,951721 
  10460  3,951416 
  10480  3,951111 
  10500  3,950806 
  10520  3,9505 
  10540  3,950195 
  10560  3,94989 
  10580  3,94928 
  10600  3,948975 
  10620  3,948669 
  10640  3,948364 
  10660  3,948059 
  10680  3,947754 
  10700  3,947144 
  10720  3,946838 
  10740  3,946533 
  10760  3,946228 
  10780  3,945923 
  10800  3,945618 
  10820  3,945007 
  10840  3,944702 
  10860  3,944397 
  10880  3,944092 
  10900  3,943481 
  10920  3,943176 
  10940  3,942871 
  10960  3,942261 
  10980  3,941956 
  11000  3,94165 
  11020  3,941345 
  11040  3,940735 
  11060  3,94043 
  11080  3,940125 
  11100  3,939514 
  11120  3,939209 
  11140  3,938904 
  11160  3,938293 
  11180  3,937988 
  11200  3,937683 
  11220  3,937073 
  11240  3,936768 
  11260  3,936462 
  11280  3,936157 
  11300  3,935547 
  11320  3,934937 
  11340  3,934631 
  11360  3,934326 
  11380  3,934021 
  11400  3,933411 
  11420  3,933105 
  11440  3,932495 
  11460  3,93219 
  11480  3,931885 
  11500  3,931274 
  11520  3,930969 
  11540  3,930359 
  11560  3,930054 
  11580  3,929749 
  11600  3,929138 
  11620  3,928833 
  11640  3,928223 
  11660  3,927917 
  11680  3,927307 
  11700  3,927002 
  11720  3,926392 
  11740  3,926086 
  11760  3,925781 
  11780  3,925171 
  11800  3,924866 
  11820  3,924255 
  11840  3,92395 
  11860  3,92334 
  11880  3,923035 
  11900  3,922424 
  11920  3,922119 
  11940  3,921509 
  11960  3,921204 
  11980  3,920593 
  12000  3,920288 
  12020  3,919678 
  12040  3,919373 
  12060  3,918762 
  12080  3,918457 
  12100  3,917847 
  12120  3,917542 
  12140  3,916931 
  12160  3,916626 
  12180  3,916016 
  12200  3,91571 
  12220  3,9151 
  12240  3,91449 
  12260  3,914185 
  12280  3,913574 
  12300  3,913269 
  12320  3,912964 
  12340  3,912354 
  12360  3,911743 
  12380  3,911438 
  12400  3,910828 
  12420  3,910522 
  12440  3,909912 
  12460  3,909607 
  12480  3,908997 
  12500  3,908691 
  12520  3,908081 
  12540  3,907776 
  12560  3,907166 
  12580  3,90686 
  12600  3,90625 
  12620  3,905945 
  12640  3,905334 
  12660  3,905029 
  12680  3,904419 
  12700  3,904114 
  12720  3,903809 
  12740  3,903198 
  12760  3,902893 
  12780  3,902588 
  12800  3,901978 
  12820  3,901672 
  12840  3,901062 
  12860  3,900757 
  12880  3,900452 
  12900  3,899841 
  12920  3,899536 
  12940  3,898926 
  12960  3,898621 
  12980  3,898315 
  13000  3,897705 
  13020  3,8974 
  13040  3,897095 
  13060  3,896484 
  13080  3,896179 
  13100  3,895874 
  13120  3,895264 
  13140  3,894958 
  13160  3,894653 
  13180  3,894348 
  13200  3,893738 
  13220  3,893433 
  13240  3,893127 
  13260  3,892822 
  13280  3,892517 
  13300  3,891907 
  13320  3,891602 
  13340  3,890991 
  13360  3,890686 
  13380  3,890381 
  13400  3,890076 
  13420  3,889771 
  13440  3,889465 
  13460  3,888855 
  13480  3,88855 
  13500  3,888245 
  13520  3,887939 
  13540  3,887634 
  13560  3,887024 
  13580  3,886719 
  13600  3,886414 
  13620  3,886108 
  13640  3,885803 
  13660  3,885498 
  13680  3,885193 
  13700  3,884583 
  13720  3,884277 
  13740  3,883972 
  13760  3,883667 
  13780  3,883362 
  13800  3,883057 
  13820  3,882751 
  13840  3,882446 
  13860  3,882141 
  13880  3,881531 
  13900  3,881226 
  13920  3,88092 
  13940  3,880615 
  13960  3,88031 
  13980  3,880005 
  14000  3,8797 
  14020  3,879395 
  14040  3,878784 
  14060  3,878784 
  14080  3,878174 
  14100  3,877869 
  14120  3,877563 
  14140  3,877258 
  14160  3,876953 
  14180  3,876648 
  14200  3,876343 
  14220  3,876038 
  14240  3,875732 
  14260  3,875427 
  14280  3,875122 
  14300  3,874817 
  14320  3,874512 
  14340  3,874207 
  14360  3,873901 
  14380  3,873596 
  14400  3,873291 
  14420  3,872986 
  14440  3,872681 
  14460  3,872375 
  14480  3,87207 
  14500  3,871765 
  14520  3,87146 
  14540  3,871155 
  14560  3,87085 
  14580  3,870544 
  14600  3,870239 
  14620  3,869934 
  14640  3,869629 
  14660  3,869324 
  14680  3,869019 
  14700  3,868713 
  14720  3,868408 
  14740  3,868103 
  14760  3,867798 
  14780  3,867493 
  14800  3,867188 
  14820  3,866882 
  14840  3,866577 
  14860  3,866272 
  14880  3,865967 
  14900  3,865662 
  14920  3,865356 
  14940  3,865051 
  14960  3,864746 
  14980  3,864441 
  15000  3,864441 
  15020  3,863831 
  15040  3,863831 
  15060  3,863525 
  15080  3,86322 
  15100  3,862915 
  15120  3,86261 
  15140  3,862305 
  15160  3,862 
  15180  3,861694 
  15200  3,861389 
  15220  3,861084 
  15240  3,860779 
  15260  3,860474 
  15280  3,860474 
  15300  3,860168 
  15320  3,859863 
  15340  3,859558 
  15360  3,859253 
  15380  3,858948 
  15400  3,858643 
  15420  3,858337 
  15440  3,858032 
  15460  3,857727 
  15480  3,857727 
  15500  3,857422 
  15520  3,857117 
  15540  3,856812 
  15560  3,856506 
  15580  3,856201 
  15600  3,855896 
  15620  3,855591 
  15640  3,855591 
  15660  3,855286 
  15680  3,85498 
  15700  3,854675 
  15720  3,85437 
  15740  3,854065 
  15760  3,854065 
  15780  3,85376 
  15800  3,853455 
  15820  3,853149 
  15840  3,852844 
  15860  3,852539 
  15880  3,852234 
  15900  3,852234 
  15920  3,851929 
  15940  3,851624 
  15960  3,851318 
  15980  3,851013 
  16000  3,850708 
  16020  3,850708 
  16040  3,850403 
  16060  3,850098 
  16080  3,849792 
  16100  3,849487 
  16120  3,849182 
  16140  3,849182 
  16160  3,848877 
  16180  3,848572 
  16200  3,848267 
  16220  3,847961 
  16240  3,847656 
  16260  3,847656 
  16280  3,847351 
  16300  3,847046 
  16320  3,846741 
  16340  3,846436 
  16360  3,846436 
  16380  3,84613 
  16400  3,845825 
  16420  3,84552 
  16440  3,84552 
  16460  3,845215 
  16480  3,84491 
  16500  3,844604 
  16520  3,844299 
  16540  3,844299 
  16560  3,843994 
  16580  3,843689 
  16600  3,843384 
  16620  3,843079 
  16640  3,843079 
  16660  3,842773 
  16680  3,842468 
  16700  3,842163 
  16720  3,842163 
  16740  3,841858 
  16760  3,841553 
  16780  3,841248 
  16800  3,841248 
  16820  3,840942 
  16840  3,840637 
  16860  3,840332 
  16880  3,840027 
  16900  3,840027 
  16920  3,839722 
  16940  3,839417 
  16960  3,839111 
  16980  3,839111 
  17000  3,838806 
  17020  3,838501 
  17040  3,838196 
  17060  3,838196 
  17080  3,837891 
  17100  3,837585 
  17120  3,837585 
  17140  3,83728 
  17160  3,836975 
  17180  3,83667 
  17200  3,83667 
  17220  3,836365 
  17240  3,83606 
  17260  3,835754 
  17280  3,835754 
  17300  3,835449 
  17320  3,835144 
  17340  3,834839 
  17360  3,834839 
  17380  3,834534 
  17400  3,834229 
  17420  3,833923 
  17440  3,833923 
  17460  3,833618 
  17480  3,833313 
  17500  3,833313 
  17520  3,833008 
  17540  3,832703 
  17560  3,832397 
  17580  3,832397 
  17600  3,832092 
  17620  3,831787 
  17640  3,831787 
  17660  3,831482 
  17680  3,831177 
  17700  3,830872 
  17720  3,830872 
  17740  3,830566 
  17760  3,830261 
  17780  3,830261 
  17800  3,829956 
  17820  3,829651 
  17840  3,829346 
  17860  3,829346 
  17880  3,829041 
  17900  3,828735 
  17920  3,828735 
  17940  3,82843 
  17960  3,828125 
  17980  3,828125 
  18000  3,82782 
  18020  3,827515 
  18040  3,827515 
  18060  3,827209 
  18080  3,826904 
  18100  3,826599 
  18120  3,826599 
  18140  3,826294 
  18160  3,826294 
  18180  3,825989 
  18200  3,825684 
  18220  3,825684 
  18240  3,825378 
  18260  3,825073 
  18280  3,824768 
  18300  3,824768 
  18320  3,824463 
  18340  3,824158 
  18360  3,824158 
  18380  3,823853 
  18400  3,823547 
  18420  3,823547 
  18440  3,823242 
  18460  3,823242 
  18480  3,822937 
  18500  3,822632 
  18520  3,822632 
  18540  3,822327 
  18560  3,822021 
  18580  3,821716 
  18600  3,821716 
  18620  3,821411 
  18640  3,821106 
  18660  3,821106 
  18680  3,820801 
  18700  3,820801 
  18720  3,820496 
  18740  3,82019 
  18760  3,819885 
  18780  3,819885 
  18800  3,81958 
  18820  3,81958 
  18840  3,819275 
  18860  3,81897 
  18880  3,81897 
  18900  3,818665 
  18920  3,818359 
  18940  3,818359 
  18960  3,818054 
  18980  3,817749 
  19000  3,817749 
  19020  3,817444 
  19040  3,817444 
  19060  3,817139 
  19080  3,816833 
  19100  3,816833 
  19120  3,816528 
  19140  3,816223 
  19160  3,816223 
  19180  3,815918 
  19200  3,815613 
  19220  3,815613 
  19240  3,815308 
  19260  3,815308 
  19280  3,815002 
  19300  3,814697 
  19320  3,814697 
  19340  3,814392 
  19360  3,814087 
  19380  3,814087 
  19400  3,813782 
  19420  3,813477 
  19440  3,813477 
  19460  3,813171 
  19480  3,812866 
  19500  3,812866 
  19520  3,812561 
  19540  3,812561 
  19560  3,812256 
  19580  3,811951 
  19600  3,811951 
  19620  3,811646 
  19640  3,811646 
  19660  3,81134 
  19680  3,811035 
  19700  3,811035 
  19720  3,81073 
  19740  3,810425 
  19760  3,810425 
  19780  3,81012 
  19800  3,81012 
  19820  3,809814 
  19840  3,809814 
  19860  3,809509 
  19880  3,809204 
  19900  3,809204 
  19920  3,808899 
  19940  3,808594 
  19960  3,808594 
  19980  3,808289 
  20000  3,807983 
  20020  3,807983 
  20040  3,807678 
  20060  3,807678 
  20080  3,807373 
  20100  3,807068 
  20120  3,807068 
  20140  3,806763 
  20160  3,806763 
  20180  3,806458 
  20200  3,806152 
  20220  3,806152 
  20240  3,805847 
  20260  3,805847 
  20280  3,805542 
  20300  3,805542 
  20320  3,805237 
  20340  3,804932 
  20360  3,804932 
  20380  3,804626 
  20400  3,804626 
  20420  3,804321 
  20440  3,804016 
  20460  3,804016 
  20480  3,803711 
  20500  3,803711 
  20520  3,803406 
  20540  3,803101 
  20560  3,803101 
  20580  3,802795 
  20600  3,802795 
  20620  3,80249 
  20640  3,802185 
  20660  3,802185 
  20680  3,80188 
  20700  3,80188 
  20720  3,801575 
  20740  3,80127 
  20760  3,80127 
  20780  3,800964 
  20800  3,800964 
  20820  3,800659 
  20840  3,800659 
  20860  3,800354 
  20880  3,800049 
  20900  3,800049 
  20920  3,799744 
  20940  3,799744 
  20960  3,799438 
  20980  3,799438 
  21000  3,799133 
  21020  3,798828 
  21040  3,798828 
  21060  3,798523 
  21080  3,798523 
  21100  3,798218 
  21120  3,798218 
  21140  3,797913 
  21160  3,797607 
  21180  3,797607 
  21200  3,797302 
  21220  3,797302 
  21240  3,796997 
  21260  3,796997 
  21280  3,796692 
  21300  3,796387 
  21320  3,796387 
  21340  3,796082 
  21360  3,796082 
  21380  3,795776 
  21400  3,795776 
  21420  3,795471 
  21440  3,795471 
  21460  3,795166 
  21480  3,794861 
  21500  3,794861 
  21520  3,794556 
  21540  3,794556 
  21560  3,79425 
  21580  3,793945 
  21600  3,793945 
  21620  3,79364 
  21640  3,79364 
  21660  3,793335 
  21680  3,793335 
  21700  3,79303 
  21720  3,79303 
  21740  3,792725 
  21760  3,792419 
  21780  3,792419 
  21800  3,792114 
  21820  3,792114 
  21840  3,791809 
  21860  3,791809 
  21880  3,791504 
  21900  3,791199 
  21920  3,791199 
  21940  3,790894 
  21960  3,790894 
  21980  3,790588 
  22000  3,790588 
  22020  3,790283 
  22040  3,790283 
  22060  3,789978 
  22080  3,789978 
  22100  3,789673 
  22120  3,789368 
  22140  3,789368 
  22160  3,789063 
  22180  3,789063 
  22200  3,788757 
  22220  3,788757 
  22240  3,788452 
  22260  3,788147 
  22280  3,788147 
  22300  3,787842 
  22320  3,787842 
  22340  3,787537 
  22360  3,787537 
  22380  3,787231 
  22400  3,787231 
  22420  3,786926 
  22440  3,786621 
  22460  3,786621 
  22480  3,786316 
  22500  3,786316 
  22520  3,786011 
  22540  3,786011 
  22560  3,785706 
  22580  3,7854 
  22600  3,7854 
  22620  3,785095 
  22640  3,785095 
  22660  3,78479 
  22680  3,78479 
  22700  3,784485 
  22720  3,784485 
  22740  3,78418 
  22760  3,783875 
  22780  3,783875 
  22800  3,783569 
  22820  3,783569 
  22840  3,783264 
  22860  3,782959 
  22880  3,782959 
  22900  3,782654 
  22920  3,782654 
  22940  3,782349 
  22960  3,782349 
  22980  3,782043 
  23000  3,781738 
  23020  3,781738 
  23040  3,781433 
  23060  3,781433 
  23080  3,781128 
  23100  3,781128 
  23120  3,780823 
  23140  3,780518 
  23160  3,780518 
  23180  3,780212 
  23200  3,780212 
  23220  3,779907 
  23240  3,779907 
  23260  3,779602 
  23280  3,779297 
  23300  3,779297 
  23320  3,778992 
  23340  3,778992 
  23360  3,778687 
  23380  3,778381 
  23400  3,778381 
  23420  3,778076 
  23440  3,778076 
  23460  3,777771 
  23480  3,777771 
  23500  3,777466 
  23520  3,777466 
  23540  3,777161 
  23560  3,776855 
  23580  3,776855 
  23600  3,77655 
  23620  3,77655 
  23640  3,776245 
  23660  3,77594 
  23680  3,77594 
  23700  3,775635 
  23720  3,775635 
  23740  3,77533 
  23760  3,77533 
  23780  3,775024 
  23800  3,774719 
  23820  3,774719 
  23840  3,774414 
  23860  3,774109 
  23880  3,774109 
  23900  3,773804 
  23920  3,773804 
  23940  3,773499 
  23960  3,773499 
  23980  3,773193 
  24000  3,772888 
  24020  3,772888 
  24040  3,772583 
  24060  3,772583 
  24080  3,772278 
  24100  3,772278 
  24120  3,771973 
  24140  3,771667 
  24160  3,771667 
  24180  3,771362 
  24200  3,771362 
  24220  3,771057 
  24240  3,770752 
  24260  3,770752 
  24280  3,770447 
  24300  3,770447 
  24320  3,770142 
  24340  3,769836 
  24360  3,769836 
  24380  3,769531 
  24400  3,769531 
  24420  3,769226 
  24440  3,768921 
  24460  3,768921 
  24480  3,768616 
  24500  3,768616 
  24520  3,768311 
  24540  3,768005 
  24560  3,768005 
  24580  3,7677 
  24600  3,7677 
  24620  3,767395 
  24640  3,76709 
  24660  3,76709 
  24680  3,766785 
  24700  3,766479 
  24720  3,766479 
  24740  3,766174 
  24760  3,766174 
  24780  3,765869 
  24800  3,765564 
  24820  3,765564 
  24840  3,765259 
  24860  3,765259 
  24880  3,764954 
  24900  3,764648 
  24920  3,764648 
  24940  3,764343 
  24960  3,764038 
  24980  3,764038 
  25000  3,763733 
  25020  3,763428 
  25040  3,763428 
  25060  3,763123 
  25080  3,763123 
  25100  3,762817 
  25120  3,762512 
  25140  3,762512 
  25160  3,762207 
  25180  3,761902 
  25200  3,761902 
  25220  3,761597 
  25240  3,761292 
  25260  3,761292 
  25280  3,760986 
  25300  3,760986 
  25320  3,760681 
  25340  3,760376 
  25360  3,760376 
  25380  3,760071 
  25400  3,759766 
  25420  3,759766 
  25440  3,75946 
  25460  3,759155 
  25480  3,759155 
  25500  3,75885 
  25520  3,758545 
  25540  3,758545 
  25560  3,75824 
  25580  3,757935 
  25600  3,757935 
  25620  3,757629 
  25640  3,757324 
  25660  3,757324 
  25680  3,757019 
  25700  3,756714 
  25720  3,756714 
  25740  3,756409 
  25760  3,756104 
  25780  3,756104 
  25800  3,755798 
  25820  3,755493 
  25840  3,755493 
  25860  3,755188 
  25880  3,754883 
  25900  3,754578 
  25920  3,754578 
  25940  3,754272 
  25960  3,753967 
  25980  3,753967 
  26000  3,753662 
  26020  3,753357 
  26040  3,753357 
  26060  3,753052 
  26080  3,752747 
  26100  3,752747 
  26120  3,752441 
  26140  3,752136 
  26160  3,751831 
  26180  3,751831 
  26200  3,751526 
  26220  3,751526 
  26240  3,751221 
  26260  3,750916 
  26280  3,75061 
  26300  3,75061 
  26320  3,750305 
  26340  3,75 
  26360  3,749695 
  26380  3,749695 
  26400  3,74939 
  26420  3,749084 
  26440  3,749084 
  26460  3,748779 
  26480  3,748474 
  26500  3,748474 
  26520  3,748169 
  26540  3,747864 
  26560  3,747864 
  26580  3,747559 
  26600  3,747253 
  26620  3,747253 
  26640  3,746948 
  26660  3,746643 
  26680  3,746643 
  26700  3,746338 
  26720  3,746033 
  26740  3,746033 
  26760  3,745728 
  26780  3,745422 
  26800  3,745422 
  26820  3,745117 
  26840  3,744812 
  26860  3,744812 
  26880  3,744507 
  26900  3,744202 
  26920  3,744202 
  26940  3,743896 
  26960  3,743896 
  26980  3,743591 
  27000  3,743286 
  27020  3,743286 
  27040  3,742981 
  27060  3,742981 
  27080  3,742676 
  27100  3,742371 
  27120  3,742371 
  27140  3,742065 
  27160  3,742065 
  27180  3,74176 
  27200  3,74176 
  27220  3,741455 
  27240  3,741455 
  27260  3,74115 
  27280  3,740845 
  27300  3,740845 
  27320  3,74054 
  27340  3,74054 
  27360  3,740234 
  27380  3,740234 
  27400  3,739929 
  27420  3,739929 
  27440  3,739624 
  27460  3,739624 
  27480  3,739319 
  27500  3,739319 
  27520  3,739014 
  27540  3,739014 
  27560  3,738708 
  27580  3,738708 
  27600  3,738403 
  27620  3,738403 
  27640  3,738098 
  27660  3,738098 
  27680  3,737793 
  27700  3,737793 
  27720  3,737488 
  27740  3,737488 
  27760  3,737183 
  27780  3,737183 
  27800  3,736877 
  27820  3,736877 
  27840  3,736572 
  27860  3,736572 
  27880  3,736267 
  27900  3,736267 
  27920  3,736267 
  27940  3,735962 
  27960  3,735657 
  27980  3,735657 
  28000  3,735352 
  28020  3,735352 
  28040  3,735046 
  28060  3,735046 
  28080  3,734741 
  28100  3,734741 
  28120  3,734436 
  28140  3,734436 
  28160  3,734131 
  28180  3,734131 
  28200  3,733826 
  28220  3,733826 
  28240  3,733521 
  28260  3,733521 
  28280  3,733521 
  28300  3,733215 
  28320  3,73291 
  28340  3,73291 
  28360  3,732605 
  28380  3,732605 
  28400  3,7323 
  28420  3,7323 
  28440  3,731995 
  28460  3,731689 
  28480  3,731689 
  28500  3,731384 
  28520  3,731384 
  28540  3,731079 
  28560  3,731079 
  28580  3,730774 
  28600  3,730469 
  28620  3,730469 
  28640  3,730164 
  28660  3,730164 
  28680  3,729858 
  28700  3,729553 
  28720  3,729553 
  28740  3,729248 
  28760  3,728943 
  28780  3,728943 
  28800  3,728638 
  28820  3,728638 
  28840  3,728333 
  28860  3,728027 
  28880  3,728027 
  28900  3,727722 
  28920  3,727417 
  28940  3,727417 
  28960  3,727112 
  28980  3,726807 
  29000  3,726807 
  29020  3,726501 
  29040  3,726196 
  29060  3,726196 
  29080  3,725891 
  29100  3,725586 
  29120  3,725281 
  29140  3,725281 
  29160  3,724976 
  29180  3,72467 
  29200  3,724365 
  29220  3,724365 
  29240  3,72406 
  29260  3,723755 
  29280  3,723755 
  29300  3,72345 
  29320  3,723145 
  29340  3,722839 
  29360  3,722534 
  29380  3,722534 
  29400  3,722229 
  29420  3,721924 
  29440  3,721619 
  29460  3,721619 
  29480  3,721313 
  29500  3,721008 
  29520  3,720703 
  29540  3,720703 
  29560  3,720398 
  29580  3,720093 
  29600  3,719788 
  29620  3,719482 
  29640  3,719482 
  29660  3,719177 
  29680  3,718872 
  29700  3,718567 
  29720  3,718262 
  29740  3,718262 
  29760  3,717957 
  29780  3,717651 
  29800  3,717346 
  29820  3,717041 
  29840  3,717041 
  29860  3,716736 
  29880  3,716431 
  29900  3,716125 
  29920  3,71582 
  29940  3,71582 
  29960  3,715515 
  29980  3,71521 
  30000  3,714905 
  30020  3,714905 
  30040  3,7146 
  30060  3,714294 
  30080  3,713989 
  30100  3,713989 
  30120  3,713684 
  30140  3,713379 
  30160  3,713379 
  30180  3,713074 
  30200  3,712769 
  30220  3,712463 
  30240  3,712463 
  30260  3,712158 
  30280  3,711853 
  30300  3,711548 
  30320  3,711548 
  30340  3,711243 
  30360  3,710938 
  30380  3,710938 
  30400  3,710632 
  30420  3,710327 
  30440  3,710327 
  30460  3,710022 
  30480  3,709717 
  30500  3,709412 
  30520  3,709412 
  30540  3,709106 
  30560  3,709106 
  30580  3,708801 
  30600  3,708496 
  30620  3,708191 
  30640  3,708191 
  30660  3,707886 
  30680  3,707581 
  30700  3,707581 
  30720  3,707275 
  30740  3,70697 
  30760  3,70697 
  30780  3,706665 
  30800  3,70636 
  30820  3,706055 
  30840  3,70575 
  30860  3,70575 
  30880  3,705444 
  30900  3,705139 
  30920  3,704834 
  30940  3,704834 
  30960  3,704529 
  30980  3,704224 
  31000  3,703918 
  31020  3,703613 
  31040  3,703308 
  31060  3,703308 
  31080  3,703003 
  31100  3,702698 
  31120  3,702393 
  31140  3,702087 
  31160  3,701782 
  31180  3,701782 
  31200  3,701477 
  31220  3,701172 
  31240  3,700867 
  31260  3,700562 
  31280  3,700256 
  31300  3,699951 
  31320  3,699646 
  31340  3,699341 
  31360  3,699036 
  31380  3,69873 
  31400  3,698425 
  31420  3,69812 
  31440  3,697815 
  31460  3,69751 
  31480  3,697205 
  31500  3,696594 
  31520  3,696289 
  31540  3,695984 
  31560  3,695679 
  31580  3,695374 
  31600  3,694763 
  31620  3,694458 
  31640  3,694153 
  31660  3,693848 
  31680  3,693237 
  31700  3,692932 
  31720  3,692627 
  31740  3,692322 
  31760  3,691711 
  31780  3,691406 
  31800  3,691101 
  31820  3,690491 
  31840  3,690186 
  31860  3,68988 
  31880  3,689575 
  31900  3,688965 
  31920  3,68866 
  31940  3,688354 
  31960  3,688049 
  31980  3,687744 
  32000  3,687439 
  32020  3,687134 
  32040  3,686829 
  32060  3,686523 
  32080  3,686218 
  32100  3,685913 
  32120  3,685913 
  32140  3,685608 
  32160  3,685608 
  32180  3,685303 
  32200  3,685303 
  32220  3,684998 
  32240  3,684998 
  32260  3,684692 
  32280  3,684692 
  32300  3,684692 
  32320  3,684387 
  32340  3,684387 
  32360  3,684082 
  32380  3,684082 
  32400  3,684082 
  32420  3,683777 
  32440  3,683777 
  32460  3,683777 
  32480  3,683472 
  32500  3,683472 
  32520  3,683472 
  32540  3,683167 
  32560  3,683167 
  32580  3,683167 
  32600  3,683167 
  32620  3,683167 
  32640  3,682861 
  32660  3,682861 
  32680  3,682861 
  32700  3,682556 
  32720  3,682556 
  32740  3,682556 
  32760  3,682251 
  32780  3,682251 
  32800  3,682251 
  32820  3,682251 
  32840  3,682251 
  32860  3,681946 
  32880  3,681946 
  32900  3,681946 
  32920  3,681641 
  32940  3,681641 
  32960  3,681641 
  32980  3,681641 
  33000  3,681335 
  33020  3,681335 
  33040  3,681335 
  33060  3,68103 
  33080  3,68103 
  33100  3,68103 
  33120  3,68103 
  33140  3,68103 
  33160  3,680725 
  33180  3,680725 
  33200  3,680725 
  33220  3,68042 
  33240  3,68042 
  33260  3,68042 
  33280  3,680115 
  33300  3,680115 
  33320  3,680115 
  33340  3,680115 
  33360  3,67981 
  33380  3,67981 
  33400  3,67981 
  33420  3,679504 
  33440  3,679504 
  33460  3,679504 
  33480  3,679199 
  33500  3,679199 
  33520  3,679199 
  33540  3,678894 
  33560  3,678894 
  33580  3,678894 
  33600  3,678589 
  33620  3,678589 
  33640  3,678589 
  33660  3,678284 
  33680  3,678284 
  33700  3,678284 
  33720  3,677979 
  33740  3,677979 
  33760  3,677673 
  33780  3,677673 
  33800  3,677368 
  33820  3,677368 
  33840  3,677063 
  33860  3,677063 
  33880  3,676758 
  33900  3,676758 
  33920  3,676453 
  33940  3,676453 
  33960  3,676147 
  33980  3,676147 
  34000  3,675842 
  34020  3,675537 
  34040  3,675537 
  34060  3,675232 
  34080  3,675232 
  34100  3,674927 
  34120  3,674622 
  34140  3,674316 
  34160  3,674316 
  34180  3,674011 
  34200  3,673706 
  34220  3,673401 
  34240  3,673401 
  34260  3,672791 
  34280  3,672791 
  34300  3,67218 
  34320  3,671875 
  34340  3,67157 
  34360  3,671265 
  34380  3,670959 
  34400  3,670654 
  34420  3,670044 
  34440  3,669739 
  34460  3,669128 
  34480  3,668823 
  34500  3,668213 
  34520  3,667603 
  34540  3,666992 
  34560  3,666382 
  34580  3,665771 
  34600  3,665161 
  34620  3,664246 
  34640  3,663635 
  34660  3,66272 
  34680  3,661804 
  34700  3,660889 
  34720  3,659973 
  34740  3,658752 
  34760  3,657837 
  34780  3,656616 
  34800  3,655396 
  34820  3,654175 
  34840  3,653259 
  34860  3,651733 
  34880  3,650513 
  34900  3,649292 
  34920  3,647766 
  34940  3,646545 
  34960  3,64502 
  34980  3,643494 
  35000  3,641968 
  35020  3,640747 
  35040  3,639221 
  35060  3,637695 
  35080  3,636169 
  35100  3,634644 
  35120  3,632813 
  35140  3,631287 
  35160  3,629761 
  35180  3,628235 
  35200  3,626709 
  35220  3,624878 
  35240  3,623352 
  35260  3,621521 
  35280  3,619995 
  35300  3,618164 
  35320  3,616638 
  35340  3,614807 
  35360  3,612976 
  35380  3,61145 
  35400  3,609619 
  35420  3,607788 
  35440  3,606262 
  35460  3,604431 
  35480  3,6026 
  35500  3,600769 
  35520  3,598938 
  35540  3,597107 
  35560  3,595276 
  35580  3,593445 
  35600  3,591614 
  35620  3,589478 
  35640  3,587646 
  35660  3,585815 
  35680  3,583679 
  35700  3,581848 
  35720  3,580017 
  35740  3,577881 
  35760  3,575745 
  35780  3,573608 
  35800  3,571777 
  35820  3,569641 
  35840  3,567505 
  35860  3,565369 
  35880  3,563232 
  35900  3,561096 
  35920  3,55896 
  35940  3,556824 
  35960  3,554688 
  35980  3,552551 
  36000  3,55011 
  36020  3,547974 
  36040  3,545532 
  36060  3,543396 
  36080  3,540955 
  36100  3,538818 
  36120  3,536377 
  36140  3,533936 
  36160  3,531494 
  36180  3,529358 
  36200  3,526917 
  36220  3,524475 
  36240  3,521729 
  36260  3,519287 
  36280  3,516846 
  36300  3,514404 
  36320  3,511658 
  36340  3,509216 
  36360  3,50647 
  36380  3,504028 
  36400  3,501282 
  36420  3,498535 
  36440  3,495789 
  36460  3,493042 
  36480  3,490295 
  36500  3,487549 
  36520  3,484802 
  36540  3,48175 
  36560  3,479004 
  36580  3,475952 
  36600  3,4729 
  36620  3,469849 
  36640  3,466797 
  36660  3,463745 
  36680  3,460693 
  36700  3,457336 
  36720  3,454285 
  36740  3,450928 
  36760  3,447571 
  36780  3,444214 
  36800  3,440857 
  36820  3,4375 
  36840  3,433838 
  36860  3,430176 
  36880  3,426819 
  36900  3,422852 
  36920  3,419189 
  36940  3,415527 
  36960  3,41156 
  36980  3,407593 
  37000  3,403625 
  37020  3,399353 
  37040  3,395386 
  37060  3,390808 
  37080  3,386536 
  37100  3,381958 
  37120  3,377686 
  37140  3,372803 
  37160  3,368225 
  37180  3,363342 
  37200  3,358459 
  37220  3,353577 
  37240  3,348389 
  37260  3,343201 
  37280  3,338013 
  37300  3,33252 
  37320  3,326721 
  37340  3,320923 
  37360  3,315125 
  37380  3,309021 
  37400  3,302917 
  37420  3,296509 
  37440  3,2901 
  37460  3,283386 
  37480  3,276672 
  37500  3,269653 
  37520  3,262329 
  37540  3,2547 
  37560  3,24707 
  37580  3,239136 
  37600  3,230896 
  37620  3,222351 
  37640  3,213501 
  37660  3,204041 
  37680  3,19458 
  37700  3,184204 
  37720  3,173523 
  37740  3,162231 
  37760  3,150024 
  37780  3,137512 
  37800  3,124084 
  37820  3,110352 
  37840  3,095703 
  37860  3,08075 
  37880  3,064575 
  37900  3,047791 
  37920  3,03009 
  37940  3,010864 
  37960  2,990723 
  37980  2,969666 
  38000  2,947998 
  38020  2,92511 
  38040  2,901611 
  38060  2,876892 
  38080  2,850342 
  38100  2,82196 
  38120  2,791443 
  38140  2,758484 
  38160  2,722778 
  38180  2,683411 
  38200  2,640686 
  38218,5  2,599182 
