r [A]	U [eV]
3	128,8466156
3,01	122,9156515
3,02	117,2528426
3,03	111,8456222
3,04	106,6820432
3,05	101,7507456
3,06	97,04092615
3,07	92,54230936
3,08	88,24512052
3,09	84,14005987
3,1	80,21827826
3,11	76,47135417
3,12	72,89127189
3,13	69,4704009
3,14	66,20147641
3,15	63,07758087
3,16	60,09212645
3,17	57,23883854
3,18	54,51174005
3,19	51,90513654
3,2	49,41360218
3,21	47,03196639
3,22	44,75530121
3,23	42,57890935
3,24	40,49831279
3,25	38,50924206
3,26	36,60762599
3,27	34,78958207
3,28	33,05140722
3,29	31,38956911
3,3	29,80069789
3,31	28,28157832
3,32	26,82914233
3,33	25,44046198
3,34	24,1127427
3,35	22,84331693
3,36	21,62963809
3,37	20,46927482
3,38	19,35990547
3,39	18,29931298
3,4	17,28537991
3,41	16,31608375
3,42	15,38949247
3,43	14,50376028
3,44	13,65712361
3,45	12,84789729
3,46	12,07447086
3,47	11,33530516
3,48	10,62892901
3,49	9,953936078
3,5	9,308981874
3,51	8,692780943
3,52	8,104104143
3,53	7,541776073
3,54	7,004672629
3,55	6,491718662
3,56	6,001885766
3,57	5,534190155
3,58	5,087690649
3,59	4,661486756
3,6	4,254716842
3,61	3,866556385
3,62	3,496216316
3,63	3,142941438
3,64	2,806008908
3,65	2,48472681
3,66	2,178432773
3,67	1,886492666
3,68	1,608299353
3,69	1,343271499
3,7	1,090852437
3,71	0,850509084
3,72	0,621730908
3,73	0,404028943
3,74	0,196934846
3,75	3,83693E-13
3,76	-0,187205342
3,77	-0,365092877
3,78	-0,534057034
3,79	-0,694475719
3,8	-0,846711024
3,81	-0,991109916
3,82	-1,128004877
3,83	-1,257714533
3,84	-1,380544242
3,85	-1,496786661
3,86	-1,606722291
3,87	-1,71061999
3,88	-1,808737472
3,89	-1,901321774
3,9	-1,988609714
3,91	-2,070828318
3,92	-2,148195235
3,93	-2,220919135
3,94	-2,289200078
3,95	-2,353229885
3,96	-2,413192478
3,97	-2,46926421
3,98	-2,521614183
3,99	-2,570404552
4	-2,61579081
4,01	-2,657922067
4,02	-2,696941316
4,03	-2,732985684
4,04	-2,76618668
4,05	-2,796670419
4,06	-2,824557851
4,07	-2,849964973
4,08	-2,87300303
4,09	-2,893778713
4,1	-2,912394344
4,11	-2,928948056
4,12	-2,943533966
4,13	-2,956242335
4,14	-2,967159731
4,15	-2,976369173
4,16	-2,983950282
4,17	-2,989979415
4,18	-2,994529799
4,19	-2,997671659
4,2	-2,999472339
4,21	-2,999996416
4,22	-2,999305816
4,23	-2,99745992
4,24	-2,994515666
4,25	-2,990527647
4,26	-2,985548207
4,27	-2,979627531
4,28	-2,972813731
4,29	-2,965152932
4,3	-2,956689348
4,31	-2,94746536
4,32	-2,937521593
4,33	-2,926896981
4,34	-2,915628839
4,35	-2,903752923
4,36	-2,891303499
4,37	-2,878313396
4,38	-2,864814069
4,39	-2,850835649
4,4	-2,836406999
4,41	-2,821555764
4,42	-2,806308417
4,43	-2,790690312
4,44	-2,77472572
4,45	-2,75843788
4,46	-2,741849036
4,47	-2,724980476
4,48	-2,707852573
4,49	-2,690484819
4,5	-2,672895863
4,51	-2,655103539
4,52	-2,637124906
4,53	-2,618976271
4,54	-2,600673226
4,55	-2,582230671
4,56	-2,563662846
4,57	-2,544983353
4,58	-2,526205185
4,59	-2,507340748
4,6	-2,488401887
4,61	-2,469399904
4,62	-2,450345584
4,63	-2,431249214
4,64	-2,412120603
4,65	-2,3929691
4,66	-2,373803616
4,67	-2,354632635
4,68	-2,335464239
4,69	-2,316306119
4,7	-2,29716559
4,71	-2,278049612
4,72	-2,258964798
4,73	-2,23991743
4,74	-2,220913475
4,75	-2,201958593
4,76	-2,183058154
4,77	-2,164217247
4,78	-2,145440693
4,79	-2,126733054
4,8	-2,108098646
4,81	-2,089541546
4,82	-2,071065604
4,83	-2,052674454
4,84	-2,034371518
4,85	-2,016160019
4,86	-1,998042987
4,87	-1,980023269
4,88	-1,962103534
4,89	-1,944286282
4,9	-1,926573851
4,91	-1,908968423
4,92	-1,891472033
4,93	-1,874086573
4,94	-1,856813795
4,95	-1,839655325
4,96	-1,822612662
4,97	-1,805687184
4,98	-1,788880155
4,99	-1,772192732
5	-1,755625963
5,01	-1,739180799
5,02	-1,722858092
5,03	-1,706658605
5,04	-1,690583011
5,05	-1,674631903
5,06	-1,658805789
5,07	-1,643105105
5,08	-1,627530211
5,09	-1,612081398
5,1	-1,596758893
5,11	-1,581562858
5,12	-1,566493392
5,13	-1,551550541
5,14	-1,536734294
5,15	-1,522044587
5,16	-1,507481307
5,17	-1,493044295
5,18	-1,478733345
5,19	-1,464548211
5,2	-1,450488602
5,21	-1,436554192
5,22	-1,422744619
5,23	-1,409059482
5,24	-1,395498352
5,25	-1,382060767
5,26	-1,368746233
5,27	-1,355554233
5,28	-1,34248422
5,29	-1,329535623
5,3	-1,316707849
5,31	-1,304000281
5,32	-1,291412282
5,33	-1,278943196
5,34	-1,266592349
5,35	-1,254359049
5,36	-1,242242588
5,37	-1,230242243
5,38	-1,218357278
5,39	-1,206586942
5,4	-1,194930475
5,41	-1,183387103
5,42	-1,171956043
5,43	-1,160636503
5,44	-1,149427681
5,45	-1,138328768
5,46	-1,127338947
5,47	-1,116457396
5,48	-1,105683285
5,49	-1,09501578
5,5	-1,084454043
5,51	-1,07399723
5,52	-1,063644495
5,53	-1,05339499
5,54	-1,04324786
5,55	-1,033202254
5,56	-1,023257315
5,57	-1,013412187
5,58	-1,003666012
5,59	-0,994017933
5,6	-0,984467092
5,61	-0,975012632
5,62	-0,965653696
5,63	-0,95638943
5,64	-0,947218979
5,65	-0,938141491
5,66	-0,929156117
5,67	-0,920262007
5,68	-0,911458317
5,69	-0,902744204
5,7	-0,894118828
5,71	-0,885581352
5,72	-0,877130944
5,73	-0,868766773
5,74	-0,860488014
5,75	-0,852293845
5,76	-0,844183448
5,77	-0,83615601
5,78	-0,828210722
5,79	-0,820346778
5,8	-0,812563378
5,81	-0,804859729
5,82	-0,797235039
5,83	-0,789688522
5,84	-0,782219399
5,85	-0,774826895
5,86	-0,76751024
5,87	-0,760268669
5,88	-0,753101423
5,89	-0,746007749
5,9	-0,738986898
5,91	-0,732038129
5,92	-0,725160703
5,93	-0,718353891
5,94	-0,711616967
5,95	-0,704949211
5,96	-0,69834991
5,97	-0,691818354
5,98	-0,685353843
5,99	-0,678955679
6	-0,672623173
6,01	-0,66635564
6,02	-0,660152401
6,03	-0,654012784
6,04	-0,647936121
6,05	-0,641921753
6,06	-0,635969023
6,07	-0,630077284
6,08	-0,624245892
6,09	-0,61847421
6,1	-0,612761606
6,11	-0,607107456
6,12	-0,60151114
6,13	-0,595972044
6,14	-0,59048956
6,15	-0,585063087
6,16	-0,579692028
6,17	-0,574375793
6,18	-0,569113797
6,19	-0,563905461
6,2	-0,558750213
6,21	-0,553647484
6,22	-0,548596713
6,23	-0,543597344
6,24	-0,538648825
6,25	-0,533750612
6,26	-0,528902165
6,27	-0,52410295
6,28	-0,519352438
6,29	-0,514650106
6,3	-0,509995437
6,31	-0,505387917
6,32	-0,500827039
6,33	-0,496312302
6,34	-0,491843209
6,35	-0,487419268
6,36	-0,483039993
6,37	-0,478704902
6,38	-0,474413521
6,39	-0,470165376
6,4	-0,465960003
6,41	-0,46179694
6,42	-0,45767573
6,43	-0,453595923
6,44	-0,449557072
6,45	-0,445558736
6,46	-0,441600476
6,47	-0,437681861
6,48	-0,433802463
6,49	-0,42996186
6,5	-0,426159632
6,51	-0,422395367
6,52	-0,418668653
6,53	-0,414979088
6,54	-0,41132627
6,55	-0,407709802
6,56	-0,404129294
6,57	-0,400584358
6,58	-0,39707461
6,59	-0,393599672
6,6	-0,390159168
6,61	-0,386752729
6,62	-0,383379986
6,63	-0,380040579
6,64	-0,376734147
6,65	-0,373460337
6,66	-0,370218798
6,67	-0,367009183
6,68	-0,363831149
6,69	-0,360684357
6,7	-0,357568472
6,71	-0,354483162
6,72	-0,351428099
6,73	-0,348402958
6,74	-0,34540742
6,75	-0,342441167
6,76	-0,339503885
6,77	-0,336595265
6,78	-0,333714999
6,79	-0,330862785
6,8	-0,328038323
6,81	-0,325241316
6,82	-0,322471472
6,83	-0,319728501
6,84	-0,317012115
6,85	-0,314322033
6,86	-0,311657972
6,87	-0,309019657
6,88	-0,306406814
6,89	-0,303819172
6,9	-0,301256462
6,91	-0,298718421
6,92	-0,296204786
6,93	-0,293715298
6,94	-0,291249702
6,95	-0,288807744
6,96	-0,286389174
6,97	-0,283993745
6,98	-0,281621212
6,99	-0,279271333
7	-0,276943869
7,01	-0,274638584
7,02	-0,272355243
7,03	-0,270093615
7,04	-0,267853472
7,05	-0,265634587
7,06	-0,263436738
7,07	-0,261259703
7,08	-0,259103263
7,09	-0,256967204
7,1	-0,254851309
7,11	-0,25275537
7,12	-0,250679177
7,13	-0,248622522
7,14	-0,246585203
7,15	-0,244567017
7,16	-0,242567764
7,17	-0,240587248
7,18	-0,238625272
7,19	-0,236681644
7,2	-0,234756173
7,21	-0,232848671
7,22	-0,23095895
7,23	-0,229086826
7,24	-0,227232117
7,25	-0,225394643
7,26	-0,223574224
7,27	-0,221770685
7,28	-0,21998385
7,29	-0,218213549
7,3	-0,216459609
7,31	-0,214721863
7,32	-0,213000143
7,33	-0,211294285
7,34	-0,209604126
7,35	-0,207929504
7,36	-0,20627026
7,37	-0,204626235
7,38	-0,202997276
7,39	-0,201383226
7,4	-0,199783934
7,41	-0,198199248
7,42	-0,19662902
7,43	-0,195073103
7,44	-0,193531349
7,45	-0,192003616
7,46	-0,19048976
7,47	-0,18898964
7,48	-0,187503117
7,49	-0,186030054
7,5	-0,184570313
7,51	-0,183123759
7,52	-0,18169026
7,53	-0,180269682
7,54	-0,178861897
7,55	-0,177466774
7,56	-0,176084187
7,57	-0,174714008
7,58	-0,173356113
7,59	-0,172010379
7,6	-0,170676682
7,61	-0,169354904
7,62	-0,168044923
7,63	-0,166746623
7,64	-0,165459885
7,65	-0,164184596
7,66	-0,162920639
7,67	-0,161667902
7,68	-0,160426274
7,69	-0,159195643
7,7	-0,157975901
7,71	-0,156766939
7,72	-0,15556865
7,73	-0,154380928
7,74	-0,153203668
7,75	-0,152036767
7,76	-0,150880123
7,77	-0,149733634
7,78	-0,148597199
7,79	-0,147470721
7,8	-0,146354099
7,81	-0,145247239
7,82	-0,144150043
7,83	-0,143062416
7,84	-0,141984266
7,85	-0,140915498
7,86	-0,139856021
7,87	-0,138805744
7,88	-0,137764577
7,89	-0,136732431
7,9	-0,135709218
7,91	-0,134694852
7,92	-0,133689245
7,93	-0,132692313
7,94	-0,131703971
7,95	-0,130724136
7,96	-0,129752726
7,97	-0,128789659
7,98	-0,127834853
7,99	-0,12688823
8	-0,12594971
8,01	-0,125019215
8,02	-0,124096668
8,03	-0,123181992
8,04	-0,122275111
8,05	-0,12137595
8,06	-0,120484436
8,07	-0,119600494
8,08	-0,118724053
8,09	-0,117855041
8,1	-0,116993386
8,11	-0,116139018
8,12	-0,115291868
8,13	-0,114451867
8,14	-0,113618946
8,15	-0,112793039
8,16	-0,111974078
8,17	-0,111161998
8,18	-0,110356734
8,19	-0,10955822
8,2	-0,108766394
8,21	-0,107981191
8,22	-0,107202549
8,23	-0,106430406
8,24	-0,105664701
8,25	-0,104905373
8,26	-0,104152363
8,27	-0,10340561
8,28	-0,102665056
8,29	-0,101930643
8,3	-0,101202314
8,31	-0,100480011
8,32	-0,099763678
8,33	-0,099053259
8,34	-0,098348699
8,35	-0,097649943
8,36	-0,096956938
8,37	-0,096269629
8,38	-0,095587965
8,39	-0,094911891
8,4	-0,094241357
8,41	-0,093576312
8,42	-0,092916703
8,43	-0,092262482
8,44	-0,091613598
8,45	-0,090970002
8,46	-0,090331645
8,47	-0,089698479
8,48	-0,089070456
8,49	-0,088447529
8,5	-0,087829652
8,51	-0,087216777
8,52	-0,086608859
8,53	-0,086005852
8,54	-0,085407712
8,55	-0,084814394
8,56	-0,084225855
8,57	-0,083642049
8,58	-0,083062936
8,59	-0,082488471
8,6	-0,081918612
8,61	-0,081353318
8,62	-0,080792547
8,63	-0,080236258
8,64	-0,079684411
8,65	-0,079136965
8,66	-0,078593881
8,67	-0,078055119
8,68	-0,077520641
8,69	-0,076990407
8,7	-0,076464379
8,71	-0,075942521
8,72	-0,075424793
8,73	-0,07491116
8,74	-0,074401584
8,75	-0,073896029
8,76	-0,073394459
8,77	-0,072896839
8,78	-0,072403133
8,79	-0,071913307
8,8	-0,071427325
8,81	-0,070945154
8,82	-0,07046676
8,83	-0,069992109
8,84	-0,069521167
8,85	-0,069053903
8,86	-0,068590284
8,87	-0,068130276
8,88	-0,067673849
8,89	-0,067220971
8,9	-0,066771609
8,91	-0,066325735
8,92	-0,065883316
8,93	-0,065444323
8,94	-0,065008724
8,95	-0,064576491
8,96	-0,064147595
8,97	-0,063722004
8,98	-0,063299692
8,99	-0,062880629
9	-0,062464787
9,01	-0,062052137
9,02	-0,061642652
9,03	-0,061236305
9,04	-0,060833067
9,05	-0,060432913
9,06	-0,060035815
9,07	-0,059641746
9,08	-0,059250681
9,09	-0,058862594
9,1	-0,058477458
9,11	-0,058095249
9,12	-0,057715941
9,13	-0,057339509
9,14	-0,056965928
9,15	-0,056595174
9,16	-0,056227222
9,17	-0,055862049
9,18	-0,05549963
9,19	-0,055139942
9,2	-0,054782962
9,21	-0,054428666
9,22	-0,054077032
9,23	-0,053728037
9,24	-0,053381658
9,25	-0,053037873
9,26	-0,05269666
9,27	-0,052357997
9,28	-0,052021863
9,29	-0,051688235
9,3	-0,051357094
9,31	-0,051028417
9,32	-0,050702184
9,33	-0,050378374
9,34	-0,050056967
9,35	-0,049737942
9,36	-0,04942128
9,37	-0,049106961
9,38	-0,048794964
9,39	-0,048485271
9,4	-0,048177862
9,41	-0,047872717
9,42	-0,047569819
9,43	-0,047269148
9,44	-0,046970685
9,45	-0,046674412
9,46	-0,046380311
9,47	-0,046088364
9,48	-0,045798553
9,49	-0,045510859
9,5	-0,045225266
9,51	-0,044941756
9,52	-0,044660312
9,53	-0,044380916
9,54	-0,044103552
9,55	-0,043828203
9,56	-0,043554852
9,57	-0,043283483
9,58	-0,043014079
9,59	-0,042746624
9,6	-0,042481103
9,61	-0,042217499
9,62	-0,041955796
9,63	-0,041695979
9,64	-0,041438033
9,65	-0,041181941
9,66	-0,04092769
9,67	-0,040675264
9,68	-0,040424648
9,69	-0,040175827
9,7	-0,039928786
9,71	-0,039683512
9,72	-0,03943999
9,73	-0,039198205
9,74	-0,038958143
9,75	-0,038719792
9,76	-0,038483135
9,77	-0,038248161
9,78	-0,038014855
9,79	-0,037783204
9,8	-0,037553194
9,81	-0,037324812
9,82	-0,037098046
9,83	-0,036872882
9,84	-0,036649307
9,85	-0,036427308
9,86	-0,036206873
9,87	-0,03598799
9,88	-0,035770645
9,89	-0,035554827
9,9	-0,035340524
9,91	-0,035127722
9,92	-0,034916411
9,93	-0,034706579
9,94	-0,034498213
9,95	-0,034291302
9,96	-0,034085834
9,97	-0,033881798
9,98	-0,033679183
9,99	-0,033477977
10	-0,03327817
10,01	-0,033079749
10,02	-0,032882705
10,03	-0,032687026
10,04	-0,032492701
10,05	-0,032299721
10,06	-0,032108073
10,07	-0,031917749
10,08	-0,031728736
10,09	-0,031541026
10,1	-0,031354608
10,11	-0,031169471
10,12	-0,030985607
10,13	-0,030803004
10,14	-0,030621652
10,15	-0,030441543
10,16	-0,030262667
10,17	-0,030085013
10,18	-0,029908573
10,19	-0,029733336
10,2	-0,029559294
10,21	-0,029386438
10,22	-0,029214757
10,23	-0,029044243
10,24	-0,028874888
10,25	-0,028706681
10,26	-0,028539614
10,27	-0,028373679
10,28	-0,028208866
10,29	-0,028045168
10,3	-0,027882574
10,31	-0,027721078
10,32	-0,027560669
10,33	-0,027401341
10,34	-0,027243085
10,35	-0,027085892
10,36	-0,026929755
10,37	-0,026774665
10,38	-0,026620615
10,39	-0,026467595
10,4	-0,0263156
10,41	-0,02616462
10,42	-0,026014648
10,43	-0,025865677
10,44	-0,025717698
10,45	-0,025570705
10,46	-0,025424689
10,47	-0,025279644
10,48	-0,025135562
10,49	-0,024992435
10,5	-0,024850257
10,51	-0,024709021
10,52	-0,024568718
10,53	-0,024429343
10,54	-0,024290888
10,55	-0,024153346
10,56	-0,024016711
10,57	-0,023880975
10,58	-0,023746132
10,59	-0,023612176
10,6	-0,023479099
10,61	-0,023346894
10,62	-0,023215557
10,63	-0,023085079
10,64	-0,022955455
10,65	-0,022826678
10,66	-0,022698742
10,67	-0,022571641
10,68	-0,022445368
10,69	-0,022319917
10,7	-0,022195282
10,71	-0,022071458
10,72	-0,021948438
10,73	-0,021826216
10,74	-0,021704786
10,75	-0,021584142
10,76	-0,021464279
10,77	-0,021345191
10,78	-0,021226873
10,79	-0,021109317
10,8	-0,02099252
10,81	-0,020876475
10,82	-0,020761176
10,83	-0,020646619
10,84	-0,020532798
10,85	-0,020419707
10,86	-0,020307342
10,87	-0,020195696
10,88	-0,020084765
10,89	-0,019974543
10,9	-0,019865026
10,91	-0,019756207
10,92	-0,019648083
10,93	-0,019540647
10,94	-0,019433896
10,95	-0,019327823
10,96	-0,019222425
10,97	-0,019117695
10,98	-0,01901363
10,99	-0,018910225
11	-0,018807474
11,01	-0,018705373
11,02	-0,018603918
11,03	-0,018503103
11,04	-0,018402925
11,05	-0,018303378
11,06	-0,018204458
11,07	-0,01810616
11,08	-0,01800848
11,09	-0,017911414
11,1	-0,017814958
11,11	-0,017719106
11,12	-0,017623854
11,13	-0,017529199
11,14	-0,017435136
11,15	-0,01734166
11,16	-0,017248768
11,17	-0,017156455
11,18	-0,017064718
11,19	-0,016973552
11,2	-0,016882953
11,21	-0,016792917
11,22	-0,01670344
11,23	-0,016614519
11,24	-0,016526148
11,25	-0,016438325
11,26	-0,016351046
11,27	-0,016264306
11,28	-0,016178102
11,29	-0,01609243
11,3	-0,016007286
11,31	-0,015922667
11,32	-0,015838569
11,33	-0,015754988
11,34	-0,015671921
11,35	-0,015589363
11,36	-0,015507313
11,37	-0,015425765
11,38	-0,015344716
11,39	-0,015264164
11,4	-0,015184104
11,41	-0,015104533
11,42	-0,015025448
11,43	-0,014946844
11,44	-0,01486872
11,45	-0,014791071
11,46	-0,014713895
11,47	-0,014637187
11,48	-0,014560946
11,49	-0,014485167
11,5	-0,014409847
11,51	-0,014334983
11,52	-0,014260572
11,53	-0,014186611
11,54	-0,014113097
11,55	-0,014040026
11,56	-0,013967397
11,57	-0,013895204
11,58	-0,013823447
11,59	-0,013752121
11,6	-0,013681223
11,61	-0,013610751
11,62	-0,013540703
11,63	-0,013471074
11,64	-0,013401862
11,65	-0,013333064
11,66	-0,013264677
11,67	-0,013196699
11,68	-0,013129127
11,69	-0,013061958
11,7	-0,012995189
11,71	-0,012928818
11,72	-0,012862841
11,73	-0,012797257
11,74	-0,012732062
11,75	-0,012667254
11,76	-0,01260283
11,77	-0,012538788
11,78	-0,012475125
11,79	-0,012411839
11,8	-0,012348926
11,81	-0,012286385
11,82	-0,012224213
11,83	-0,012162407
11,84	-0,012100966
11,85	-0,012039885
11,86	-0,011979164
11,87	-0,0119188
11,88	-0,01185879
11,89	-0,011799132
11,9	-0,011739824
11,91	-0,011680863
11,92	-0,011622247
11,93	-0,011563973
11,94	-0,01150604
11,95	-0,011448445
11,96	-0,011391186
11,97	-0,01133426
11,98	-0,011277666
11,99	-0,011221401
12	-0,011165463
12,01	-0,011109849
12,02	-0,011054559
12,03	-0,010999589
12,04	-0,010944937
12,05	-0,010890602
12,06	-0,010836581
12,07	-0,010782872
12,08	-0,010729474
12,09	-0,010676383
12,1	-0,010623598
12,11	-0,010571118
12,12	-0,010518939
12,13	-0,010467061
12,14	-0,01041548
12,15	-0,010364196
12,16	-0,010313206
12,17	-0,010262508
12,18	-0,0102121
12,19	-0,010161981
12,2	-0,010112148
12,21	-0,010062601
12,22	-0,010013336
12,23	-0,009964351
12,24	-0,009915647
12,25	-0,009867219
12,26	-0,009819067
12,27	-0,009771189
12,28	-0,009723583
12,29	-0,009676247
12,3	-0,009629179
12,31	-0,009582378
12,32	-0,009535843
12,33	-0,00948957
12,34	-0,009443559
12,35	-0,009397808
12,36	-0,009352316
12,37	-0,00930708
12,38	-0,009262098
12,39	-0,00921737
12,4	-0,009172894
12,41	-0,009128668
12,42	-0,00908469
12,43	-0,009040959
12,44	-0,008997473
12,45	-0,008954231
12,46	-0,008911232
12,47	-0,008868472
12,48	-0,008825952
12,49	-0,008783669
12,5	-0,008741623
12,51	-0,008699811
12,52	-0,008658231
12,53	-0,008616884
12,54	-0,008575766
12,55	-0,008534877
12,56	-0,008494215
12,57	-0,008453779
12,58	-0,008413568
12,59	-0,008373579
12,6	-0,008333811
12,61	-0,008294264
12,62	-0,008254935
12,63	-0,008215824
12,64	-0,008176928
12,65	-0,008138247
12,66	-0,008099779
12,67	-0,008061523
12,68	-0,008023478
12,69	-0,007985642
12,7	-0,007948013
12,71	-0,007910592
12,72	-0,007873375
12,73	-0,007836363
12,74	-0,007799553
12,75	-0,007762945
12,76	-0,007726537
12,77	-0,007690328
12,78	-0,007654317
12,79	-0,007618502
12,8	-0,007582883
12,81	-0,007547457
12,82	-0,007512225
12,83	-0,007477184
12,84	-0,007442333
12,85	-0,007407672
12,86	-0,007373199
12,87	-0,007338913
12,88	-0,007304812
12,89	-0,007270897
12,9	-0,007237164
12,91	-0,007203614
12,92	-0,007170246
12,93	-0,007137057
12,94	-0,007104048
12,95	-0,007071216
12,96	-0,007038561
12,97	-0,007006082
12,98	-0,006973778
12,99	-0,006941647
13	-0,006909688
13,01	-0,006877901
13,02	-0,006846285
13,03	-0,006814838
13,04	-0,006783559
13,05	-0,006752447
13,06	-0,006721502
13,07	-0,006690722
13,08	-0,006660106
13,09	-0,006629654
13,1	-0,006599363
13,11	-0,006569234
13,12	-0,006539266
13,13	-0,006509456
13,14	-0,006479805
13,15	-0,006450312
13,16	-0,006420975
13,17	-0,006391793
13,18	-0,006362766
13,19	-0,006333892
13,2	-0,006305171
13,21	-0,006276602
13,22	-0,006248184
13,23	-0,006219916
13,24	-0,006191797
13,25	-0,006163825
13,26	-0,006136002
13,27	-0,006108324
13,28	-0,006080792
13,29	-0,006053405
13,3	-0,006026161
13,31	-0,005999061
13,32	-0,005972102
13,33	-0,005945284
13,34	-0,005918607
13,35	-0,005892069
13,36	-0,00586567
13,37	-0,005839409
13,38	-0,005813285
13,39	-0,005787297
13,4	-0,005761445
13,41	-0,005735727
13,42	-0,005710143
13,43	-0,005684691
13,44	-0,005659372
13,45	-0,005634185
13,46	-0,005609128
13,47	-0,005584201
13,48	-0,005559403
13,49	-0,005534733
13,5	-0,005510191
13,51	-0,005485776
13,52	-0,005461487
13,53	-0,005437323
13,54	-0,005413284
13,55	-0,005389369
13,56	-0,005365577
13,57	-0,005341907
13,58	-0,005318359
13,59	-0,005294932
13,6	-0,005271625
13,61	-0,005248437
13,62	-0,005225369
13,63	-0,005202419
13,64	-0,005179586
13,65	-0,00515687
13,66	-0,00513427
13,67	-0,005111786
13,68	-0,005089416
13,69	-0,005067161
13,7	-0,005045018
13,71	-0,005022989
13,72	-0,005001072
13,73	-0,004979266
13,74	-0,004957571
13,75	-0,004935986
13,76	-0,004914511
13,77	-0,004893144
13,78	-0,004871886
13,79	-0,004850736
13,8	-0,004829692
13,81	-0,004808755
13,82	-0,004787924
13,83	-0,004767197
13,84	-0,004746576
13,85	-0,004726058
13,86	-0,004705644
13,87	-0,004685333
13,88	-0,004665123
13,89	-0,004645016
13,9	-0,004625009
13,91	-0,004605103
13,92	-0,004585296
13,93	-0,004565589
13,94	-0,004545981
13,95	-0,004526471
13,96	-0,004507058
13,97	-0,004487742
13,98	-0,004468523
13,99	-0,0044494
14	-0,004430372
14,01	-0,004411439
14,02	-0,004392601
14,03	-0,004373856
14,04	-0,004355204
14,05	-0,004336645
14,06	-0,004318178
14,07	-0,004299803
14,08	-0,004281519
14,09	-0,004263326
14,1	-0,004245222
14,11	-0,004227209
14,12	-0,004209284
14,13	-0,004191448
14,14	-0,0041737
14,15	-0,00415604
14,16	-0,004138467
14,17	-0,00412098
14,18	-0,00410358
14,19	-0,004086265
14,2	-0,004069035
14,21	-0,00405189
14,22	-0,004034829
14,23	-0,004017852
14,24	-0,004000958
14,25	-0,003984147
14,26	-0,003967419
14,27	-0,003950772
14,28	-0,003934207
14,29	-0,003917722
14,3	-0,003901318
14,31	-0,003884994
14,32	-0,00386875
14,33	-0,003852585
14,34	-0,003836498
14,35	-0,00382049
14,36	-0,00380456
14,37	-0,003788707
14,38	-0,003772932
14,39	-0,003757232
14,4	-0,003741609
14,41	-0,003726062
14,42	-0,00371059
14,43	-0,003695193
14,44	-0,00367987
14,45	-0,003664621
14,46	-0,003649446
14,47	-0,003634344
14,48	-0,003619315
14,49	-0,003604359
14,5	-0,003589475
14,51	-0,003574662
14,52	-0,00355992
14,53	-0,003545249
14,54	-0,003530649
14,55	-0,003516119
14,56	-0,003501659
14,57	-0,003487268
14,58	-0,003472945
14,59	-0,003458692
14,6	-0,003444506
14,61	-0,003430389
14,62	-0,003416339
14,63	-0,003402356
14,64	-0,003388439
14,65	-0,003374589
14,66	-0,003360805
14,67	-0,003347087
14,68	-0,003333434
14,69	-0,003319846
14,7	-0,003306322
14,71	-0,003292862
14,72	-0,003279467
14,73	-0,003266135
14,74	-0,003252866
14,75	-0,00323966
14,76	-0,003226516
14,77	-0,003213435
14,78	-0,003200416
14,79	-0,003187458
14,8	-0,003174561
14,81	-0,003161725
14,82	-0,003148949
14,83	-0,003136234
14,84	-0,003123578
14,85	-0,003110982
14,86	-0,003098445
14,87	-0,003085967
14,88	-0,003073548
14,89	-0,003061187
14,9	-0,003048884
14,91	-0,003036638
14,92	-0,00302445
14,93	-0,003012319
14,94	-0,003000244
14,95	-0,002988226
14,96	-0,002976265
14,97	-0,002964359
14,98	-0,002952508
14,99	-0,002940713
15	-0,002928972
15,01	-0,002917286
15,02	-0,002905655
15,03	-0,002894078
15,04	-0,002882554
15,05	-0,002871084
15,06	-0,002859667
15,07	-0,002848303
15,08	-0,002836992
15,09	-0,002825733
15,1	-0,002814526
15,11	-0,002803371
15,12	-0,002792267
15,13	-0,002781215
15,14	-0,002770214
15,15	-0,002759263
15,16	-0,002748363
15,17	-0,002737513
15,18	-0,002726713
15,19	-0,002715963
15,2	-0,002705262
15,21	-0,002694611
15,22	-0,002684008
15,23	-0,002673454
15,24	-0,002662948
15,25	-0,00265249
15,26	-0,00264208
15,27	-0,002631718
15,28	-0,002621403
15,29	-0,002611135
15,3	-0,002600915
15,31	-0,002590741
15,32	-0,002580613
15,33	-0,002570531
15,34	-0,002560495
15,35	-0,002550505
15,36	-0,002540561
15,37	-0,002530661
15,38	-0,002520807
15,39	-0,002510997
15,4	-0,002501232
15,41	-0,002491511
15,42	-0,002481834
15,43	-0,002472201
15,44	-0,002462612
15,45	-0,002453065
15,46	-0,002443563
15,47	-0,002434102
15,48	-0,002424685
15,49	-0,00241531
15,5	-0,002405978
15,51	-0,002396687
15,52	-0,002387438
15,53	-0,002378231
15,54	-0,002369065
15,55	-0,002359941
15,56	-0,002350857
15,57	-0,002341814
15,58	-0,002332812
15,59	-0,00232385
15,6	-0,002314928
15,61	-0,002306046
15,62	-0,002297204
15,63	-0,002288401
15,64	-0,002279638
15,65	-0,002270913
15,66	-0,002262228
15,67	-0,002253582
15,68	-0,002244974
15,69	-0,002236404
15,7	-0,002227872
15,71	-0,002219379
15,72	-0,002210923
15,73	-0,002202504
15,74	-0,002194123
15,75	-0,00218578
15,76	-0,002177473
15,77	-0,002169203
15,78	-0,002160969
15,79	-0,002152773
15,8	-0,002144612
15,81	-0,002136487
15,82	-0,002128398
15,83	-0,002120345
15,84	-0,002112328
15,85	-0,002104346
15,86	-0,002096399
15,87	-0,002088487
15,88	-0,002080609
15,89	-0,002072767
15,9	-0,002064959
15,91	-0,002057185
15,92	-0,002049445
15,93	-0,002041739
15,94	-0,002034067
15,95	-0,002026429
15,96	-0,002018824
15,97	-0,002011252
15,98	-0,002003714
15,99	-0,001996208
16	-0,001988735
16,01	-0,001981295
16,02	-0,001973887
16,03	-0,001966512
16,04	-0,001959168
16,05	-0,001951857
16,06	-0,001944577
16,07	-0,001937329
16,08	-0,001930113
16,09	-0,001922928
16,1	-0,001915774
16,11	-0,001908651
16,12	-0,001901559
16,13	-0,001894498
16,14	-0,001887467
16,15	-0,001880467
16,16	-0,001873497
16,17	-0,001866557
16,18	-0,001859647
16,19	-0,001852767
16,2	-0,001845916
16,21	-0,001839095
16,22	-0,001832304
16,23	-0,001825541
16,24	-0,001818808
16,25	-0,001812104
16,26	-0,001805428
16,27	-0,001798782
16,28	-0,001792163
16,29	-0,001785573
16,3	-0,001779012
16,31	-0,001772478
16,32	-0,001765973
16,33	-0,001759495
16,34	-0,001753045
16,35	-0,001746623
16,36	-0,001740228
16,37	-0,00173386
16,38	-0,001727519
16,39	-0,001721206
16,4	-0,001714919
16,41	-0,001708659
16,42	-0,001702426
16,43	-0,00169622
16,44	-0,001690039
16,45	-0,001683885
16,46	-0,001677757
16,47	-0,001671655
16,48	-0,001665579
16,49	-0,001659529
16,5	-0,001653504
16,51	-0,001647505
16,52	-0,001641531
16,53	-0,001635583
16,54	-0,001629659
16,55	-0,001623761
16,56	-0,001617887
16,57	-0,001612039
16,58	-0,001606215
16,59	-0,001600415
16,6	-0,00159464
16,61	-0,001588889
16,62	-0,001583162
16,63	-0,00157746
16,64	-0,001571781
16,65	-0,001566126
16,66	-0,001560495
16,67	-0,001554887
16,68	-0,001549303
16,69	-0,001543743
16,7	-0,001538205
16,71	-0,001532691
16,72	-0,0015272
16,73	-0,001521732
16,74	-0,001516286
16,75	-0,001510864
16,76	-0,001505464
16,77	-0,001500086
16,78	-0,001494731
16,79	-0,001489398
16,8	-0,001484087
16,81	-0,001478799
16,82	-0,001473532
16,83	-0,001468287
16,84	-0,001463064
16,85	-0,001457863
16,86	-0,001452683
16,87	-0,001447525
16,88	-0,001442388
16,89	-0,001437272
16,9	-0,001432177
16,91	-0,001427104
16,92	-0,001422051
16,93	-0,001417019
16,94	-0,001412008
16,95	-0,001407018
16,96	-0,001402048
16,97	-0,001397099
16,98	-0,00139217
16,99	-0,001387262
17	-0,001382373
17,01	-0,001377505
17,02	-0,001372656
17,03	-0,001367828
17,04	-0,001363019
17,05	-0,00135823
17,06	-0,001353461
17,07	-0,001348711
17,08	-0,001343981
17,09	-0,00133927
17,1	-0,001334578
17,11	-0,001329905
17,12	-0,001325252
17,13	-0,001320617
17,14	-0,001316001
17,15	-0,001311404
17,16	-0,001306826
17,17	-0,001302267
17,18	-0,001297726
17,19	-0,001293203
17,2	-0,001288699
17,21	-0,001284213
17,22	-0,001279746
17,23	-0,001275296
17,24	-0,001270865
17,25	-0,001266451
17,26	-0,001262055
17,27	-0,001257678
17,28	-0,001253317
17,29	-0,001248975
17,3	-0,00124465
17,31	-0,001240342
17,32	-0,001236052
17,33	-0,001231779
17,34	-0,001227524
17,35	-0,001223285
17,36	-0,001219064
17,37	-0,001214859
17,38	-0,001210672
17,39	-0,001206501
17,4	-0,001202347
17,41	-0,00119821
17,42	-0,001194089
17,43	-0,001189985
17,44	-0,001185897
17,45	-0,001181826
17,46	-0,001177771
17,47	-0,001173732
17,48	-0,001169709
17,49	-0,001165703
17,5	-0,001161712
17,51	-0,001157737
17,52	-0,001153779
17,53	-0,001149836
17,54	-0,001145908
17,55	-0,001141997
17,56	-0,0011381
17,57	-0,00113422
17,58	-0,001130355
17,59	-0,001126505
17,6	-0,00112267
17,61	-0,001118851
17,62	-0,001115047
17,63	-0,001111258
17,64	-0,001107484
17,65	-0,001103724
17,66	-0,00109998
17,67	-0,001096251
17,68	-0,001092536
17,69	-0,001088836
17,7	-0,001085151
17,71	-0,00108148
17,72	-0,001077823
17,73	-0,001074181
17,74	-0,001070554
17,75	-0,00106694
17,76	-0,001063341
17,77	-0,001059756
17,78	-0,001056185
17,79	-0,001052628
17,8	-0,001049085
17,81	-0,001045556
17,82	-0,001042041
17,83	-0,00103854
17,84	-0,001035052
17,85	-0,001031578
17,86	-0,001028118
17,87	-0,001024671
17,88	-0,001021238
17,89	-0,001017818
17,9	-0,001014411
17,91	-0,001011018
17,92	-0,001007638
17,93	-0,001004271
17,94	-0,001000917
17,95	-0,000997576
17,96	-0,000994248
17,97	-0,000990934
17,98	-0,000987632
17,99	-0,000984343
18	-0,000981066
18,01	-0,000977803
18,02	-0,000974552
18,03	-0,000971313
18,04	-0,000968088
18,05	-0,000964874
18,06	-0,000961673
18,07	-0,000958485
18,08	-0,000955309
18,09	-0,000952145
18,1	-0,000948993
18,11	-0,000945854
18,12	-0,000942726
18,13	-0,000939611
18,14	-0,000936507
18,15	-0,000933416
18,16	-0,000930337
18,17	-0,000927269
18,18	-0,000924213
18,19	-0,000921169
18,2	-0,000918137
18,21	-0,000915116
18,22	-0,000912107
18,23	-0,000909109
18,24	-0,000906123
18,25	-0,000903148
18,26	-0,000900185
18,27	-0,000897233
18,28	-0,000894292
18,29	-0,000891362
18,3	-0,000888444
18,31	-0,000885537
18,32	-0,000882641
18,33	-0,000879756
18,34	-0,000876882
18,35	-0,000874019
18,36	-0,000871167
18,37	-0,000868325
18,38	-0,000865495
18,39	-0,000862675
18,4	-0,000859866
18,41	-0,000857068
18,42	-0,00085428
18,43	-0,000851503
18,44	-0,000848736
18,45	-0,00084598
18,46	-0,000843234
18,47	-0,000840499
18,48	-0,000837774
18,49	-0,000835059
18,5	-0,000832355
18,51	-0,00082966
18,52	-0,000826976
18,53	-0,000824302
18,54	-0,000821638
18,55	-0,000818985
18,56	-0,000816341
18,57	-0,000813707
18,58	-0,000811083
18,59	-0,000808469
18,6	-0,000805864
18,61	-0,00080327
18,62	-0,000800685
18,63	-0,00079811
18,64	-0,000795545
18,65	-0,000792989
18,66	-0,000790443
18,67	-0,000787906
18,68	-0,000785379
18,69	-0,000782861
18,7	-0,000780353
18,71	-0,000777854
18,72	-0,000775364
18,73	-0,000772884
18,74	-0,000770413
18,75	-0,000767951
18,76	-0,000765498
18,77	-0,000763055
18,78	-0,00076062
18,79	-0,000758195
18,8	-0,000755778
18,81	-0,000753371
18,82	-0,000750972
18,83	-0,000748583
18,84	-0,000746202
18,85	-0,00074383
18,86	-0,000741467
18,87	-0,000739113
18,88	-0,000736767
18,89	-0,00073443
18,9	-0,000732102
18,91	-0,000729782
18,92	-0,000727471
18,93	-0,000725168
18,94	-0,000722874
18,95	-0,000720589
18,96	-0,000718312
18,97	-0,000716043
18,98	-0,000713782
18,99	-0,00071153
19	-0,000709286
19,01	-0,000707051
19,02	-0,000704823
19,03	-0,000702604
19,04	-0,000700393
19,05	-0,00069819
19,06	-0,000695995
19,07	-0,000693808
19,08	-0,00069163
19,09	-0,000689459
19,1	-0,000687296
19,11	-0,000685141
19,12	-0,000682994
19,13	-0,000680855
19,14	-0,000678723
19,15	-0,0006766
19,16	-0,000674484
19,17	-0,000672375
19,18	-0,000670275
19,19	-0,000668182
19,2	-0,000666097
19,21	-0,000664019
19,22	-0,000661949
19,23	-0,000659887
19,24	-0,000657831
19,25	-0,000655784
19,26	-0,000653744
19,27	-0,000651711
19,28	-0,000649685
19,29	-0,000647667
19,3	-0,000645657
19,31	-0,000643653
19,32	-0,000641657
19,33	-0,000639668
19,34	-0,000637686
19,35	-0,000635711
19,36	-0,000633744
19,37	-0,000631783
19,38	-0,00062983
19,39	-0,000627884
19,4	-0,000625944
19,41	-0,000624012
19,42	-0,000622087
19,43	-0,000620168
19,44	-0,000618257
19,45	-0,000616352
19,46	-0,000614454
19,47	-0,000612563
19,48	-0,000610679
19,49	-0,000608802
19,5	-0,000606931
19,51	-0,000605067
19,52	-0,000603209
19,53	-0,000601359
19,54	-0,000599515
19,55	-0,000597677
19,56	-0,000595846
19,57	-0,000594022
19,58	-0,000592204
19,59	-0,000590393
19,6	-0,000588588
19,61	-0,000586789
19,62	-0,000584997
19,63	-0,000583211
19,64	-0,000581432
19,65	-0,000579659
19,66	-0,000577892
19,67	-0,000576132
19,68	-0,000574378
19,69	-0,00057263
19,7	-0,000570888
19,71	-0,000569152
19,72	-0,000567423
19,73	-0,0005657
19,74	-0,000563982
19,75	-0,000562271
19,76	-0,000560566
19,77	-0,000558867
19,78	-0,000557174
19,79	-0,000555487
19,8	-0,000553806
19,81	-0,000552131
19,82	-0,000550462
19,83	-0,000548798
19,84	-0,000547141
19,85	-0,000545489
19,86	-0,000543843
19,87	-0,000542203
19,88	-0,000540569
19,89	-0,00053894
19,9	-0,000537317
19,91	-0,0005357
19,92	-0,000534089
19,93	-0,000532483
19,94	-0,000530883
19,95	-0,000529288
19,96	-0,000527699
19,97	-0,000526116
19,98	-0,000524538
19,99	-0,000522966
20	-0,000521399