Czas / s	Napiecie / V
0	3,645
6	3,640
18	3,634
33	3,629
52	3,624
71	3,619
94	3,613
120	3,608
145	3,603
174	3,598
204	3,592
237	3,587
272	3,582
308	3,577
347	3,571
389	3,566
435	3,561
483	3,556
533	3,550
587	3,545
644	3,540
704	3,535
768	3,529
834	3,524
905	3,519
979	3,514
1059	3,508
1142	3,503
1226	3,498
1317	3,493
1415	3,487
1516	3,482
1616	3,477
1722	3,472
1834	3,466
1954	3,461
2073	3,456
2195	3,451
2327	3,445
2456	3,440
2591	3,435
2727	3,430
2867	3,424
3009	3,419
3151	3,414
3306	3,409
3459	3,403
3612	3,398
3763	3,393
3917	3,388
4075	3,382
4233	3,377
4391	3,372
4557	3,367
4726	3,361
4888	3,356
5065	3,351
5239	3,346
5414	3,340
5596	3,335
5776	3,330
5962	3,325
6155	3,319
6342	3,314
6538	3,309
6729	3,304
6920	3,298
7120	3,293
7316	3,287
7503	3,282
7700	3,277
7893	3,272
8087	3,266
8278	3,261
8477	3,256
8669	3,251
8874	3,245
9078	3,240
9284	3,235
9485	3,230
9692	3,224
9903	3,219
10113	3,214
10332	3,209
10545	3,203
10768	3,198
11004	3,193
11236	3,188
11467	3,182
11713	3,177
11969	3,172
12225	3,167
12465	3,161
12759	3,156
13036	3,151
13317	3,146
13611	3,140
13912	3,135
14218	3,130
14528	3,125
14844	3,119
15161	3,114
15492	3,109
15810	3,104
16132	3,098
16458	3,093
16779	3,088
17087	3,083
17423	3,077
17745	3,072
18056	3,067
18377	3,062
18680	3,056
18994	3,051
19300	3,046
19619	3,041
19913	3,035
20220	3,030
20521	3,025
20829	3,020
21132	3,014
21424	3,009
21709	3,004
22019	2,999
22318	2,993
22617	2,988
22912	2,983
23201	2,978
23494	2,972
23782	2,967
24068	2,962
24357	2,957
24649	2,951
24947	2,946
25246	2,941
25544	2,936
25838	2,930
26144	2,925
26452	2,920
26745	2,915
27049	2,909
27359	2,904
27665	2,899
27963	2,894
28276	2,888
28588	2,883
28902	2,878
29210	2,873
29535	2,867
29857	2,862
30178	2,857
30509	2,852
30832	2,846
31154	2,841
31474	2,836
31800	2,831
32122	2,825
32469	2,820
32785	2,815
33124	2,810
33454	2,804
33778	2,799
34125	2,794
34457	2,789
34814	2,783
35136	2,778
35469	2,773
35807	2,768
36157	2,762
36499	2,757
36832	2,752
37175	2,747
37520	2,741
37867	2,736
38221	2,731
38559	2,726
38906	2,720
39251	2,715
39594	2,710
39955	2,705
40317	2,699
40672	2,694
41060	2,689
41438	2,684
41814	2,678
42194	2,673
42574	2,668
42954	2,663
43345	2,657
43758	2,652
44147	2,647
44543	2,641
44950	2,636
45377	2,631
45778	2,626
46187	2,620
46605	2,615
47024	2,610
47454	2,605
47866	2,599
48317	2,594
48746	2,589
49209	2,584
49679	2,578
50162	2,573
50662	2,568
51182	2,563
51680	2,557
52212	2,552
52756	2,547
53295	2,542
53828	2,536
54396	2,531
54935	2,526
55490	2,521
56022	2,515
56576	2,510
57121	2,505
57705	2,500
58265	2,494
58848	2,489
59455	2,484
60068	2,479
60691	2,473
61317	2,468
61975	2,463
62654	2,458
63339	2,452
64030	2,447
64735	2,442
65464	2,437
66219	2,432
66871	2,427
67626	2,422
68381	2,417
69136	2,413
69852	2,408
70607	2,403
71362	2,399
72117	2,394
72871	2,390
73626	2,386
74381	2,382
75136	2,378
75891	2,373
76646	2,370
77401	2,366
78156	2,362
78911	2,358
79666	2,354
80421	2,350
81176	2,347
81931	2,343
82686	2,340
83441	2,336
84196	2,333
84951	2,329
85706	2,326
86461	2,323
87216	2,320
87971	2,316
88726	2,313
89481	2,311
90236	2,308
90991	2,305
91746	2,301
92501	2,299
93256	2,296
94011	2,293
94765	2,290
95520	2,288
96275	2,285
97030	2,283
97785	2,280
98540	2,277
99295	2,274
100050	2,272
100805	2,270
101560	2,267
102315	2,265
103070	2,262
103825	2,260
104580	2,257
105335	2,256
106090	2,253
106845	2,251
107600	2,249
108355	2,247
109110	2,244
109865	2,242
110620	2,240
111375	2,238
112130	2,236
112885	2,234
113640	2,232
114395	2,229
115150	2,227
115905	2,225
116660	2,223
117415	2,222
118170	2,219
118925	2,217
119680	2,215
120435	2,213
121190	2,211
121945	2,209
122700	2,207
123454	2,205
124209	2,203
124964	2,201
125719	2,199
126474	2,197
127229	2,194
127984	2,192
128739	2,190
129494	2,189
130249	2,186
131004	2,184
131759	2,182
132514	2,180
133269	2,178
134024	2,176
134779	2,173
135534	2,172
136289	2,169
137044	2,167
137799	2,165
138554	2,163
139309	2,161
140064	2,159
140819	2,156
141574	2,154
142329	2,152
143084	2,150
143839	2,148
144594	2,145
145349	2,143
146104	2,141
146859	2,138
147614	2,136
148369	2,134
149124	2,131
149879	2,129
150634	2,127
151388	2,125
152143	2,122
152898	2,120
153653	2,118
154408	2,115
155163	2,113
155918	2,110
156673	2,108
157428	2,106
158183	2,103
158938	2,101
159693	2,099
160448	2,096
161203	2,094
161958	2,091
162713	2,089
163468	2,087
164223	2,084
164978	2,081
165733	2,079
166488	2,076
167243	2,074
167998	2,071
168753	2,068
169508	2,066
170263	2,063
171018	2,060
171773	2,058
172528	2,055
173283	2,053
174038	2,050
174793	2,048
175548	2,045
176303	2,043
177058	2,040
177813	2,037
178568	2,035
179323	2,032
180078	2,029
180833	2,027
181588	2,024
182343	2,021
183098	2,018
183853	2,016
184608	2,013
185363	2,011
186118	2,008
186873	2,005
187628	2,003
188383	2,000
189138	1,997
189893	1,994
190648	1,991
191403	1,989
192158	1,986
192913	1,984
193668	1,981
194423	1,979
195178	1,975
195933	1,973
196688	1,970
197443	1,968
198198	1,965
198953	1,962
199708	1,959
200463	1,957
201218	1,954
201973	1,951
202728	1,949
203483	1,946
204238	1,943
204993	1,941
205748	1,938
206503	1,935
207258	1,933
208013	1,930
208768	1,927
209523	1,924
210278	1,922
211033	1,920
211788	1,917
212543	1,914
213298	1,911
214053	1,909
214808	1,906
215563	1,903
216318	1,901
217073	1,898
217828	1,895
218582	1,893
219337	1,890
220092	1,888
220847	1,886
221602	1,883
222357	1,880
223112	1,878
223867	1,875
224622	1,873
225377	1,870
226132	1,868
226887	1,865
227642	1,863
228397	1,861
229152	1,858
229907	1,856
230662	1,853
231417	1,851
232172	1,849
232927	1,847
233682	1,844
234436	1,842
235191	1,839
235946	1,837
236701	1,835
237456	1,833
238211	1,831
238966	1,829
239721	1,827
240476	1,825
241231	1,822
241986	1,820
242741	1,818
243496	1,817
244251	1,815
245006	1,813
245761	1,811
246516	1,809
247271	1,807
248026	1,806
248781	1,804
249536	1,802
250291	1,801
251046	1,799
251801	1,797
252556	1,795
253311	1,794
254066	1,793
254821	1,791
255576	1,790
256331	1,788
257085	1,787
257841	1,786
258596	1,784
259351	1,783
260106	1,782
260861	1,781
261615	1,779
262370	1,778
263125	1,777
263880	1,776
264635	1,774
265390	1,773
266145	1,772
266900	1,771
267655	1,770
268410	1,769
269165	1,767
269920	1,766
270675	1,766
271430	1,764
272185	1,763
272940	1,762
273695	1,761
274450	1,759
275205	1,759
275960	1,758
276715	1,756
277470	1,755
278225	1,754
278980	1,753
279735	1,751
280490	1,751
281245	1,749
282000	1,749
282755	1,747
283510	1,746
284265	1,745
285020	1,743
285775	1,742
286530	1,741
287285	1,740
288040	1,738
288795	1,738
289550	1,736
290305	1,735
291060	1,733
291815	1,732
292570	1,730
293325	1,730
294080	1,728
294835	1,727
295589	1,725
296344	1,724
297099	1,723
297854	1,722
298609	1,721
299364	1,719
300119	1,718
300874	1,716
301629	1,714
302384	1,713
303139	1,712
303894	1,710
304649	1,709
305404	1,707
306159	1,706
306914	1,704
307669	1,702
308424	1,701
309179	1,699
309934	1,697
310689	1,696
311444	1,693
312199	1,692
312954	1,690
313709	1,688
314464	1,687
315219	1,685
315974	1,683
316729	1,681
317484	1,679
318239	1,677
318994	1,675
319749	1,673
320504	1,671
321259	1,669
322014	1,667
322769	1,665
323524	1,663
324279	1,661
325034	1,658
325789	1,657
326544	1,654
327299	1,652
328054	1,649
328809	1,647
329563	1,645
330318	1,642
331073	1,640
331828	1,637
332583	1,635
333338	1,632
334093	1,629
334848	1,627
335603	1,624
336358	1,621
337113	1,618
337868	1,616
338623	1,612
339378	1,609
340133	1,606
340888	1,603
341643	1,600
342398	1,596
343153	1,593
343908	1,590
344663	1,586
345418	1,582
346173	1,579
346928	1,575
347683	1,571
348438	1,567
349193	1,563
349948	1,559
350703	1,555
351458	1,551
352213	1,546
352968	1,542
353723	1,538
354478	1,533
355233	1,528
355988	1,524
356702	1,519
357457	1,514
358182	1,509
358937	1,504
359444	1,500