100,04	-1,0906
100,13	-1,0905
100,21	-1,0904
100,29	-1,0902
100,38	-1,0901
100,46	-1,0900
100,54	-1,0898
100,63	-1,0897
100,71	-1,0896
100,79	-1,0895
100,88	-1,0894
100,96	-1,0893
101,04	-1,0891
101,13	-1,0890
101,21	-1,0888
101,29	-1,0888
101,38	-1,0888
101,46	-1,0886
101,54	-1,0884
101,63	-1,0882
101,71	-1,0882
101,79	-1,0880
101,88	-1,0879
101,96	-1,0877
102,04	-1,0876
102,13	-1,0875
102,21	-1,0873
102,29	-1,0871
102,38	-1,0871
102,46	-1,0870
102,54	-1,0868
102,63	-1,0866
102,71	-1,0865
102,79	-1,0865
102,88	-1,0864
102,96	-1,0863
103,04	-1,0863
103,13	-1,0862
103,21	-1,0860
103,29	-1,0859
103,38	-1,0858
103,46	-1,0857
103,54	-1,0855
103,63	-1,0854
103,71	-1,0853
103,79	-1,0852
103,88	-1,0851
103,96	-1,0850
104,04	-1,0849
104,13	-1,0848
104,21	-1,0847
104,29	-1,0846
104,38	-1,0846
104,46	-1,0845
104,54	-1,0844
104,63	-1,0844
104,71	-1,0842
104,79	-1,0841
104,88	-1,0840
104,96	-1,0839
105,04	-1,0838
105,13	-1,0838
105,21	-1,0836
105,29	-1,0835
105,38	-1,0834
105,46	-1,0833
105,54	-1,0833
105,63	-1,0831
105,71	-1,0831
105,79	-1,0830
105,88	-1,0829
105,96	-1,0827
106,04	-1,0827
106,13	-1,0826
106,21	-1,0825
106,30	-1,0824
106,38	-1,0823
106,46	-1,0821
106,54	-1,0820
106,63	-1,0820
106,71	-1,0819
106,79	-1,0817
106,88	-1,0816
106,96	-1,0815
107,04	-1,0813
107,13	-1,0812
107,21	-1,0811
107,29	-1,0810
107,38	-1,0809
107,46	-1,0807
107,54	-1,0806
107,63	-1,0805
107,71	-1,0803
107,79	-1,0802
107,88	-1,0801
107,96	-1,0799
108,04	-1,0798
108,13	-1,0798
108,21	-1,0796
108,29	-1,0795
108,38	-1,0794
108,46	-1,0793
108,54	-1,0792
108,63	-1,0791
108,71	-1,0791
108,79	-1,0790
108,88	-1,0788
108,96	-1,0786
109,04	-1,0785
109,13	-1,0784
109,21	-1,0782
109,29	-1,0781
109,38	-1,0780
109,46	-1,0778
109,54	-1,0777
109,63	-1,0775
109,71	-1,0774
109,79	-1,0772
109,88	-1,0771
109,96	-1,0770
110,05	-1,0769
110,13	-1,0768
110,21	-1,0766
110,29	-1,0765
110,38	-1,0763
110,46	-1,0762
110,55	-1,0761
110,63	-1,0759
110,71	-1,0757
110,80	-1,0755
110,88	-1,0753
110,96	-1,0751
111,05	-1,0750
111,13	-1,0748
111,21	-1,0746
111,30	-1,0745
111,38	-1,0743
111,46	-1,0741
111,55	-1,0740
111,63	-1,0739
111,71	-1,0737
111,80	-1,0736
111,88	-1,0734
111,96	-1,0733
112,05	-1,0732
112,13	-1,0731
112,21	-1,0730
112,30	-1,0729
112,38	-1,0727
112,46	-1,0726
112,54	-1,0724
112,63	-1,0723
112,71	-1,0722
112,80	-1,0721
112,88	-1,0719
112,96	-1,0717
113,05	-1,0716
113,13	-1,0714
113,21	-1,0712
113,30	-1,0711
113,38	-1,0709
113,46	-1,0707
113,55	-1,0706
113,63	-1,0705
113,71	-1,0703
113,80	-1,0702
113,88	-1,0700
113,96	-1,0698
114,05	-1,0697
114,13	-1,0695
114,21	-1,0693
114,30	-1,0692
114,38	-1,0690
114,46	-1,0688
114,55	-1,0687
114,63	-1,0685
114,71	-1,0683
114,80	-1,0682
114,88	-1,0681
114,96	-1,0680
115,05	-1,0678
115,13	-1,0676
115,21	-1,0675
115,29	-1,0674
115,38	-1,0673
115,46	-1,0672
115,54	-1,0671
115,63	-1,0669
115,71	-1,0668
115,80	-1,0666
115,88	-1,0665
115,96	-1,0664
116,04	-1,0662
116,13	-1,0661
116,21	-1,0660
116,29	-1,0659
116,38	-1,0657
116,46	-1,0655
116,54	-1,0654
116,63	-1,0653
116,71	-1,0651
116,79	-1,0650
116,88	-1,0648
116,96	-1,0646
117,04	-1,0645
117,13	-1,0644
117,21	-1,0642
117,29	-1,0641
117,38	-1,0639
117,46	-1,0637
117,54	-1,0636
117,63	-1,0635
117,71	-1,0633
117,79	-1,0632
117,88	-1,0631
117,96	-1,0629
118,04	-1,0628
118,13	-1,0627
118,21	-1,0626
118,29	-1,0626
118,38	-1,0625
118,46	-1,0624
118,54	-1,0622
118,63	-1,0621
118,71	-1,0621
118,79	-1,0620
118,88	-1,0618
118,96	-1,0618
119,04	-1,0617
119,13	-1,0616
119,21	-1,0615
119,29	-1,0614
119,38	-1,0614
119,46	-1,0612
119,54	-1,0611
119,63	-1,0612
119,71	-1,0611
119,79	-1,0610
119,88	-1,0609
119,96	-1,0609
120,04	-1,0609
120,13	-1,0609
120,21	-1,0609
120,29	-1,0609
120,38	-1,0608
120,46	-1,0608
120,54	-1,0608
120,63	-1,0609
120,71	-1,0609
120,79	-1,0609
120,88	-1,0609
120,96	-1,0609
121,05	-1,0610
121,13	-1,0611
121,21	-1,0611
121,29	-1,0611
121,38	-1,0611
121,46	-1,0612
121,54	-1,0612
121,63	-1,0612
121,71	-1,0612
121,80	-1,0612
121,88	-1,0612
121,96	-1,0611
122,05	-1,0612
122,13	-1,0612
122,21	-1,0612
122,29	-1,0613
122,38	-1,0613
122,46	-1,0613
122,55	-1,0613
122,63	-1,0614
122,71	-1,0614
122,79	-1,0614
122,88	-1,0614
122,96	-1,0614
123,04	-1,0614
123,13	-1,0614
123,21	-1,0615
123,29	-1,0615
123,38	-1,0615
123,46	-1,0615
123,55	-1,0615
123,63	-1,0615
123,71	-1,0615
123,79	-1,0615
123,88	-1,0615
123,96	-1,0615
124,05	-1,0615
124,13	-1,0615
124,21	-1,0614
124,29	-1,0613
124,38	-1,0614
124,46	-1,0613
124,54	-1,0613
124,63	-1,0613
124,71	-1,0612
124,79	-1,0613
124,88	-1,0613
124,96	-1,0613
125,04	-1,0613
125,13	-1,0613
125,21	-1,0614
125,29	-1,0614
125,38	-1,0615
125,46	-1,0616
125,55	-1,0616
125,63	-1,0616
125,71	-1,0616
125,79	-1,0617
125,88	-1,0619
125,96	-1,0620
126,05	-1,0620
126,13	-1,0621
126,21	-1,0622
126,29	-1,0622
126,38	-1,0623
126,46	-1,0624
126,55	-1,0625
126,63	-1,0626
126,71	-1,0627
126,80	-1,0627
126,88	-1,0628
126,96	-1,0629
127,04	-1,0629
127,13	-1,0631
127,21	-1,0632
127,29	-1,0633
127,38	-1,0633
127,46	-1,0634
127,55	-1,0634
127,63	-1,0635
127,71	-1,0636
127,80	-1,0637
127,88	-1,0638
127,96	-1,0640
128,05	-1,0641
128,13	-1,0641
128,21	-1,0642
128,30	-1,0643
128,38	-1,0644
128,46	-1,0646
128,55	-1,0646
128,63	-1,0647
128,71	-1,0647
128,80	-1,0648
128,88	-1,0649
128,96	-1,0649
129,05	-1,0649
129,13	-1,0650
129,21	-1,0651
129,30	-1,0651
129,38	-1,0652
129,46	-1,0652
129,55	-1,0652
129,63	-1,0653
129,71	-1,0653
129,80	-1,0654
129,88	-1,0654
129,96	-1,0655
130,05	-1,0656
130,13	-1,0656
130,21	-1,0657
130,30	-1,0658
130,38	-1,0659
130,46	-1,0659
130,55	-1,0659
130,63	-1,0660
130,71	-1,0660
130,80	-1,0660
130,88	-1,0661
130,96	-1,0662
131,05	-1,0663
131,13	-1,0663
131,21	-1,0663
131,30	-1,0663
131,38	-1,0664
131,46	-1,0665
131,55	-1,0665
131,63	-1,0665
131,71	-1,0666
131,80	-1,0667
131,88	-1,0667
131,96	-1,0667
132,05	-1,0667
132,13	-1,0668
132,21	-1,0668
132,30	-1,0669
132,38	-1,0668
132,46	-1,0669
132,55	-1,0669
132,63	-1,0669
132,71	-1,0669
132,80	-1,0670
132,88	-1,0670
132,96	-1,0670
133,05	-1,0671
133,13	-1,0671
133,21	-1,0672
133,30	-1,0672
133,38	-1,0672
133,46	-1,0672
133,55	-1,0672
133,63	-1,0672
133,71	-1,0673
133,80	-1,0673
133,88	-1,0673
133,96	-1,0674
134,05	-1,0675
134,13	-1,0676
134,21	-1,0676
134,30	-1,0676
134,38	-1,0677
134,46	-1,0677
134,55	-1,0679
134,63	-1,0680
134,71	-1,0682
134,80	-1,0682
134,88	-1,0682
134,96	-1,0683
135,05	-1,0684
135,13	-1,0686
135,21	-1,0686
135,30	-1,0687
135,38	-1,0688
135,46	-1,0689
135,55	-1,0689
135,63	-1,0690
135,71	-1,0690
135,80	-1,0691
135,88	-1,0692
135,96	-1,0693
136,05	-1,0693
136,13	-1,0693
136,21	-1,0694
136,30	-1,0695
136,38	-1,0695
136,46	-1,0695
136,55	-1,0696
136,63	-1,0696
136,71	-1,0696
136,80	-1,0697
136,88	-1,0698
136,96	-1,0699
137,05	-1,0699
137,13	-1,0700
137,21	-1,0701
137,30	-1,0701
137,38	-1,0702
137,46	-1,0702
137,55	-1,0703
137,63	-1,0705
137,71	-1,0706
137,80	-1,0708
137,88	-1,0709
137,96	-1,0709
138,05	-1,0710
138,13	-1,0711
138,21	-1,0713
138,30	-1,0714
138,38	-1,0714
138,46	-1,0715
138,55	-1,0716
138,63	-1,0717
138,71	-1,0719
138,79	-1,0720
138,88	-1,0721
138,96	-1,0722
139,04	-1,0723
139,13	-1,0725
139,21	-1,0726
139,30	-1,0727
139,38	-1,0729
139,46	-1,0730
139,55	-1,0732
139,63	-1,0734
139,71	-1,0735
139,80	-1,0737
139,88	-1,0739
139,96	-1,0740
140,05	-1,0742
140,13	-1,0744
140,21	-1,0745
140,30	-1,0747
140,38	-1,0749
140,46	-1,0750
140,54	-1,0751
140,63	-1,0752
140,71	-1,0753
140,79	-1,0754
140,88	-1,0755
140,96	-1,0756
141,04	-1,0758
141,13	-1,0760
141,21	-1,0761
141,29	-1,0763
141,38	-1,0765
141,46	-1,0766
141,55	-1,0768
141,63	-1,0769
141,71	-1,0770
141,80	-1,0772
141,88	-1,0773
141,96	-1,0775
142,04	-1,0776
142,13	-1,0777
142,21	-1,0779
142,30	-1,0780
142,38	-1,0781
142,46	-1,0782
142,55	-1,0784
142,63	-1,0785
142,71	-1,0786
142,80	-1,0788
142,88	-1,0790
142,96	-1,0791
143,05	-1,0792
143,13	-1,0794
143,21	-1,0795
143,29	-1,0797
143,38	-1,0798
143,46	-1,0800
143,54	-1,0801
143,63	-1,0803
143,71	-1,0804
143,79	-1,0805
143,88	-1,0807
143,96	-1,0809
144,04	-1,0811
144,13	-1,0812
144,21	-1,0813
144,29	-1,0815
144,38	-1,0817
144,46	-1,0818
144,54	-1,0819
144,63	-1,0821
144,71	-1,0822
144,79	-1,0824
144,88	-1,0826
144,96	-1,0827
145,04	-1,0829
145,13	-1,0831
145,21	-1,0832
145,29	-1,0834
145,38	-1,0836
145,46	-1,0837
145,54	-1,0839
145,63	-1,0840
145,71	-1,0842
145,79	-1,0844
145,88	-1,0845
145,96	-1,0847
146,04	-1,0849
146,13	-1,0850
146,21	-1,0852
146,29	-1,0852
146,38	-1,0854
146,46	-1,0856
146,54	-1,0859
146,63	-1,0860
146,71	-1,0861
146,79	-1,0863
146,88	-1,0864
146,96	-1,0866
147,04	-1,0868
147,13	-1,0869
147,21	-1,0871
147,29	-1,0873
147,38	-1,0874
147,46	-1,0876
147,54	-1,0877
147,63	-1,0878
147,71	-1,0880
147,79	-1,0882
147,88	-1,0884
147,96	-1,0885
148,04	-1,0886
148,13	-1,0886
148,21	-1,0888
148,29	-1,0888
148,38	-1,0890
148,46	-1,0891
148,54	-1,0891
148,63	-1,0892
148,71	-1,0893
148,79	-1,0893
148,88	-1,0893
148,96	-1,0894
149,04	-1,0894
149,13	-1,0894
149,21	-1,0894
149,29	-1,0894
149,38	-1,0894
149,46	-1,0893
149,54	-1,0893
149,63	-1,0893
149,71	-1,0892
149,79	-1,0890
149,88	-1,0890
149,96	-1,0889
150,04	-1,0888
150,13	-1,0887
150,21	-1,0885
150,29	-1,0884
150,38	-1,0882
150,46	-1,0881
150,54	-1,0879
150,63	-1,0876
150,71	-1,0874
150,79	-1,0871
150,88	-1,0869
150,96	-1,0867
151,04	-1,0865
151,13	-1,0863
151,21	-1,0860
151,29	-1,0857
151,38	-1,0854
151,46	-1,0851
151,54	-1,0849
151,63	-1,0846
151,71	-1,0844
151,79	-1,0841
151,88	-1,0838
151,96	-1,0835
152,05	-1,0832
152,13	-1,0829
152,21	-1,0825
152,29	-1,0822
152,38	-1,0819
152,46	-1,0816
152,55	-1,0813
152,63	-1,0809
152,71	-1,0805
152,79	-1,0801
152,88	-1,0798
152,96	-1,0794
153,05	-1,0790
153,13	-1,0787
153,21	-1,0783
153,29	-1,0779
153,38	-1,0775
153,46	-1,0772
153,55	-1,0768
153,63	-1,0764
153,71	-1,0760
153,80	-1,0755
153,88	-1,0752
153,96	-1,0748
154,05	-1,0744
154,13	-1,0740
154,21	-1,0736
154,30	-1,0732
154,38	-1,0728
154,46	-1,0725
154,55	-1,0721
154,63	-1,0718
154,71	-1,0713
154,80	-1,0710
154,88	-1,0706
154,96	-1,0703
155,05	-1,0700
155,13	-1,0696
155,21	-1,0693
155,30	-1,0690
155,38	-1,0687
155,46	-1,0682
155,55	-1,0679
155,63	-1,0676
155,71	-1,0673
155,80	-1,0669
155,88	-1,0665
155,96	-1,0662
156,05	-1,0658
156,13	-1,0654
156,21	-1,0651
156,30	-1,0648
156,38	-1,0645
156,46	-1,0642
156,55	-1,0639
156,63	-1,0636
156,71	-1,0632
156,80	-1,0629
156,88	-1,0626
156,96	-1,0623
157,05	-1,0620
157,13	-1,0616
157,21	-1,0613
157,30	-1,0610
157,38	-1,0607
157,46	-1,0604
157,55	-1,0601
157,63	-1,0598
157,71	-1,0595
157,80	-1,0593
157,88	-1,0590
157,96	-1,0588
158,05	-1,0585
158,13	-1,0582
158,21	-1,0578
158,30	-1,0576
158,38	-1,0574
158,46	-1,0571
158,55	-1,0568
158,63	-1,0566
158,71	-1,0562
158,80	-1,0559
158,88	-1,0556
158,96	-1,0554
159,05	-1,0551
159,13	-1,0548
159,21	-1,0545
159,30	-1,0542
159,38	-1,0539
159,46	-1,0536
159,55	-1,0532
159,63	-1,0530
159,71	-1,0527
159,80	-1,0524
159,88	-1,0521
159,96	-1,0518
160,05	-1,0516
160,13	-1,0514
160,21	-1,0512
160,30	-1,0509
160,38	-1,0506
160,46	-1,0504
160,55	-1,0501
160,63	-1,0499
160,71	-1,0496
160,80	-1,0494
160,88	-1,0492
160,96	-1,0490
161,05	-1,0487
161,13	-1,0484
161,21	-1,0482
161,30	-1,0479
161,38	-1,0476
161,46	-1,0473
161,55	-1,0471
161,63	-1,0468
161,71	-1,0465
161,80	-1,0463
161,88	-1,0460
161,96	-1,0457
162,05	-1,0454
162,13	-1,0451
162,21	-1,0448
162,30	-1,0447
162,38	-1,0444
162,46	-1,0442
162,55	-1,0440
162,63	-1,0437
162,71	-1,0434
162,80	-1,0432
162,88	-1,0430
162,96	-1,0427
163,05	-1,0425
163,13	-1,0423
163,21	-1,0421
163,30	-1,0418
163,38	-1,0416
163,46	-1,0415
163,55	-1,0413
163,63	-1,0411
163,71	-1,0409
163,80	-1,0407
163,88	-1,0406
163,96	-1,0405
164,05	-1,0403
164,13	-1,0401
164,21	-1,0400
164,30	-1,0399
164,38	-1,0398
164,46	-1,0397
164,55	-1,0396
164,63	-1,0395
164,71	-1,0393
164,80	-1,0392
164,88	-1,0391
164,96	-1,0391
165,05	-1,0390
165,13	-1,0389
165,21	-1,0388
165,30	-1,0387
165,38	-1,0386
165,46	-1,0385
165,55	-1,0384
165,63	-1,0383
165,71	-1,0382
165,80	-1,0381
165,88	-1,0380
165,96	-1,0379
166,05	-1,0379
166,13	-1,0378
166,21	-1,0378
166,30	-1,0377
166,38	-1,0376
166,46	-1,0376
166,55	-1,0376
166,63	-1,0375
166,71	-1,0375
166,80	-1,0375
166,88	-1,0374
166,96	-1,0374
167,05	-1,0374
167,13	-1,0373
167,21	-1,0373
167,30	-1,0373
167,38	-1,0373
167,46	-1,0373
167,55	-1,0373
167,63	-1,0372
167,71	-1,0371
167,80	-1,0371
167,88	-1,0371
167,96	-1,0370
168,05	-1,0370
168,13	-1,0369
168,21	-1,0369
168,30	-1,0368
168,38	-1,0368
168,46	-1,0368
168,55	-1,0367
168,63	-1,0367
168,71	-1,0366
168,80	-1,0366
168,88	-1,0366
168,96	-1,0365
169,05	-1,0365
169,13	-1,0365
169,21	-1,0365
169,30	-1,0365
169,38	-1,0365
169,46	-1,0364
169,55	-1,0363
169,63	-1,0363
169,71	-1,0363
169,80	-1,0362
169,88	-1,0361
169,96	-1,0361
170,05	-1,0361
170,13	-1,0361
170,21	-1,0360
170,30	-1,0359
170,38	-1,0359
170,46	-1,0358
170,55	-1,0358
170,63	-1,0358
170,71	-1,0357
170,80	-1,0356
170,88	-1,0356
170,96	-1,0355
171,05	-1,0355
171,13	-1,0355
171,21	-1,0354
171,30	-1,0354
171,38	-1,0353
171,46	-1,0353
171,55	-1,0353
171,63	-1,0352
171,71	-1,0352
171,80	-1,0351
171,88	-1,0350
171,96	-1,0350
172,05	-1,0349
172,13	-1,0348
172,21	-1,0348
172,30	-1,0347
172,38	-1,0347
172,46	-1,0347
172,55	-1,0345
172,63	-1,0345
172,71	-1,0345
172,80	-1,0344
172,88	-1,0344
172,96	-1,0344
173,05	-1,0343
173,13	-1,0343
173,21	-1,0342
173,30	-1,0342
173,38	-1,0341
173,46	-1,0341
173,55	-1,0340
173,63	-1,0339
173,71	-1,0338
173,80	-1,0338
173,88	-1,0338
173,96	-1,0337
174,05	-1,0337
174,13	-1,0337
174,21	-1,0336
174,30	-1,0336
174,38	-1,0335
174,46	-1,0334
174,55	-1,0334
174,63	-1,0334
174,71	-1,0333
174,80	-1,0333
174,88	-1,0332
174,96	-1,0332
175,05	-1,0332
175,13	-1,0332
175,21	-1,0331
175,30	-1,0330
175,38	-1,0330
175,46	-1,0330
175,55	-1,0329
175,63	-1,0329
175,71	-1,0329
175,80	-1,0329
175,88	-1,0329
175,96	-1,0329
176,05	-1,0327
176,13	-1,0327
176,21	-1,0327
176,30	-1,0326
176,38	-1,0326
176,46	-1,0326
176,55	-1,0325
176,63	-1,0324
176,71	-1,0324
176,80	-1,0324
176,88	-1,0323
176,96	-1,0323
177,05	-1,0323
177,13	-1,0322
177,21	-1,0322
177,30	-1,0322
177,38	-1,0321
177,46	-1,0321
177,55	-1,0321
177,63	-1,0320
177,71	-1,0320
177,80	-1,0320
177,88	-1,0320
177,96	-1,0319
178,05	-1,0319
178,13	-1,0319
178,21	-1,0318
178,30	-1,0318
178,38	-1,0318
178,46	-1,0317
178,55	-1,0317
178,63	-1,0317
178,71	-1,0317
178,80	-1,0316
178,88	-1,0316
178,96	-1,0316
179,05	-1,0316
179,13	-1,0316
179,21	-1,0317
179,30	-1,0317
179,38	-1,0317
179,46	-1,0318
179,55	-1,0319
179,63	-1,0320
179,71	-1,0320
179,80	-1,0321
179,88	-1,0322
179,96	-1,0323
180,05	-1,0324
180,13	-1,0325
180,21	-1,0325
180,30	-1,0326
180,38	-1,0327
180,46	-1,0328
180,55	-1,0328
180,63	-1,0329
180,71	-1,0329
180,80	-1,0330
180,88	-1,0331
180,96	-1,0332
181,05	-1,0333
181,13	-1,0333
181,21	-1,0334
181,30	-1,0335
181,38	-1,0336
181,46	-1,0337
181,55	-1,0338
181,63	-1,0338
181,71	-1,0339
181,80	-1,0339
181,88	-1,0340
181,96	-1,0340
182,05	-1,0340
182,13	-1,0342
182,21	-1,0342
182,30	-1,0342
182,38	-1,0342
182,46	-1,0343
182,55	-1,0344
182,63	-1,0344
182,71	-1,0345
182,80	-1,0345
182,88	-1,0346
182,96	-1,0346
183,05	-1,0347
183,13	-1,0347
183,21	-1,0348
183,30	-1,0349
183,38	-1,0349
183,46	-1,0350
183,55	-1,0351
183,63	-1,0350
183,71	-1,0351
183,79	-1,0351
183,88	-1,0352
183,96	-1,0352
184,04	-1,0353
184,13	-1,0353
184,21	-1,0354
184,30	-1,0354
184,38	-1,0354
184,46	-1,0355
184,54	-1,0356
184,63	-1,0356
184,71	-1,0357
184,80	-1,0358
184,88	-1,0357
184,96	-1,0358
185,04	-1,0358
185,13	-1,0359
185,21	-1,0360
185,29	-1,0361
185,38	-1,0362
185,46	-1,0363
185,54	-1,0363
185,63	-1,0365
185,71	-1,0366
185,79	-1,0366
185,88	-1,0368
185,96	-1,0369
186,04	-1,0370
186,13	-1,0371
186,21	-1,0372
186,29	-1,0373
186,38	-1,0374
186,46	-1,0375
186,54	-1,0376
186,63	-1,0378
186,71	-1,0380
186,79	-1,0381
186,88	-1,0382
186,96	-1,0384
187,04	-1,0386
187,13	-1,0388
187,21	-1,0389
187,29	-1,0390
187,38	-1,0392
187,46	-1,0394
187,54	-1,0395
187,63	-1,0397
187,71	-1,0399
187,79	-1,0401
187,88	-1,0402
187,96	-1,0405
188,04	-1,0406
188,13	-1,0407
188,21	-1,0409
188,29	-1,0410
188,38	-1,0411
188,46	-1,0413
188,54	-1,0414
188,63	-1,0415
188,71	-1,0417
188,79	-1,0418
188,88	-1,0419
188,96	-1,0421
189,04	-1,0423
189,13	-1,0424
189,21	-1,0425
189,29	-1,0427
189,38	-1,0429
189,46	-1,0430
189,54	-1,0432
189,63	-1,0433
189,71	-1,0434
189,79	-1,0435
189,88	-1,0436
189,96	-1,0438
190,04	-1,0439
190,13	-1,0441
190,21	-1,0442
190,29	-1,0443
190,38	-1,0445
190,46	-1,0447
190,54	-1,0448
190,63	-1,0450
190,71	-1,0452
190,79	-1,0453
190,88	-1,0455
190,96	-1,0456
191,04	-1,0457
191,13	-1,0459
191,21	-1,0460
191,29	-1,0462
191,38	-1,0463
191,46	-1,0465
191,54	-1,0466
191,63	-1,0467
191,71	-1,0469
191,79	-1,0471
191,88	-1,0472
191,96	-1,0474
192,04	-1,0476
192,13	-1,0477
192,21	-1,0479
192,29	-1,0480
192,38	-1,0481
192,46	-1,0482
192,54	-1,0484
192,63	-1,0485
192,71	-1,0487
192,79	-1,0489
192,88	-1,0490
192,96	-1,0491
193,04	-1,0492
193,13	-1,0494
193,21	-1,0495
193,29	-1,0496
193,38	-1,0497
193,46	-1,0499
193,54	-1,0499
193,63	-1,0500
193,71	-1,0501
193,79	-1,0501
193,88	-1,0501
193,96	-1,0502
194,04	-1,0503
194,13	-1,0503
194,21	-1,0503
194,29	-1,0504
194,38	-1,0504
194,46	-1,0505
194,54	-1,0505
194,63	-1,0505
194,71	-1,0505
194,79	-1,0505
194,88	-1,0505
194,96	-1,0505
195,04	-1,0505
195,13	-1,0505
195,21	-1,0505
195,29	-1,0505
195,38	-1,0505
195,46	-1,0505
195,54	-1,0505
195,63	-1,0505
195,71	-1,0505
195,79	-1,0505
195,88	-1,0505
195,96	-1,0505
196,04	-1,0505
196,13	-1,0505
196,21	-1,0505
196,29	-1,0505
196,38	-1,0504
196,46	-1,0504
196,54	-1,0504
196,63	-1,0503
196,71	-1,0503
196,79	-1,0503
196,88	-1,0503
196,96	-1,0503
197,04	-1,0502
197,13	-1,0502
197,21	-1,0502
197,29	-1,0502
197,38	-1,0502
197,46	-1,0502
197,54	-1,0501
197,63	-1,0501
197,71	-1,0500
197,79	-1,0500
197,88	-1,0500
197,96	-1,0499
198,04	-1,0500
198,13	-1,0500
198,21	-1,0500
198,29	-1,0500
198,38	-1,0500
198,46	-1,0500
198,54	-1,0501
198,63	-1,0501
198,71	-1,0501
198,79	-1,0501
198,88	-1,0502
198,96	-1,0502
199,04	-1,0502
199,13	-1,0502
199,21	-1,0502
199,29	-1,0502
199,38	-1,0502
199,46	-1,0502
199,54	-1,0502
199,63	-1,0503
199,71	-1,0503
199,79	-1,0503
199,88	-1,0504
199,96	-1,0505
200,04	-1,0505
200,12	-1,0506
200,21	-1,0507
200,29	-1,0508
200,37	-1,0508
200,46	-1,0508
200,54	-1,0508
200,63	-1,0508
200,71	-1,0508
200,79	-1,0507
200,87	-1,0507
200,96	-1,0507
201,04	-1,0506
201,12	-1,0506
201,21	-1,0506
201,29	-1,0505
201,37	-1,0504
201,46	-1,0504
201,54	-1,0504
201,62	-1,0504
201,71	-1,0504
201,79	-1,0504
201,87	-1,0504
201,96	-1,0504
202,04	-1,0503
202,12	-1,0503
202,21	-1,0503
202,29	-1,0502
202,37	-1,0502
202,46	-1,0502
202,54	-1,0502
202,62	-1,0501
202,71	-1,0501
202,79	-1,0501
202,87	-1,0501
202,96	-1,0500
203,04	-1,0500
203,12	-1,0500
203,21	-1,0499
203,29	-1,0500
203,37	-1,0500
203,46	-1,0499
203,54	-1,0500
203,62	-1,0500
203,71	-1,0499
203,79	-1,0499
203,87	-1,0500
203,96	-1,0500
204,04	-1,0501
204,12	-1,0502
204,21	-1,0502
204,29	-1,0502
204,37	-1,0502
204,46	-1,0502
204,54	-1,0503
204,62	-1,0502
204,71	-1,0502
204,79	-1,0502
204,87	-1,0502
204,96	-1,0503
205,04	-1,0503
205,12	-1,0504
205,21	-1,0504
205,29	-1,0504
205,37	-1,0504
205,46	-1,0504
205,54	-1,0503
205,62	-1,0503
205,71	-1,0503
205,79	-1,0503
205,87	-1,0503
205,96	-1,0502
206,04	-1,0501
206,12	-1,0501
206,21	-1,0501
206,29	-1,0501
206,37	-1,0500
206,46	-1,0500
206,54	-1,0500
206,62	-1,0499
206,71	-1,0498
206,79	-1,0497
206,87	-1,0497
206,96	-1,0497
207,04	-1,0497
207,12	-1,0497
207,21	-1,0496
207,29	-1,0495
207,37	-1,0495
207,46	-1,0494
207,54	-1,0493
207,62	-1,0493
207,71	-1,0493
207,79	-1,0493
207,87	-1,0493
207,96	-1,0493
208,04	-1,0492
208,12	-1,0491
208,21	-1,0491
208,29	-1,0491
208,37	-1,0491
208,46	-1,0491
208,54	-1,0490
208,62	-1,0490
208,71	-1,0490
208,79	-1,0489
208,87	-1,0489
208,96	-1,0489
209,04	-1,0488
209,12	-1,0488
209,21	-1,0488
209,29	-1,0488
209,37	-1,0488
209,46	-1,0488
209,54	-1,0489
209,62	-1,0489
209,71	-1,0489
209,79	-1,0490
209,87	-1,0490
209,96	-1,0490
210,04	-1,0491
210,12	-1,0491
210,21	-1,0492
210,29	-1,0492
210,37	-1,0492
210,46	-1,0492
210,54	-1,0494
210,62	-1,0494
210,71	-1,0495
210,79	-1,0495
210,87	-1,0496
210,96	-1,0497
211,04	-1,0497
211,12	-1,0498
211,21	-1,0499
211,29	-1,0499
211,37	-1,0500
211,46	-1,0500
211,54	-1,0501
211,62	-1,0501
211,71	-1,0502
211,79	-1,0503
211,87	-1,0504
211,96	-1,0504
212,04	-1,0504
212,12	-1,0505
212,21	-1,0505
212,29	-1,0506
212,37	-1,0506
212,46	-1,0507
212,54	-1,0507
212,62	-1,0508
212,71	-1,0508
212,79	-1,0509
212,87	-1,0509
212,96	-1,0510
213,04	-1,0510
213,12	-1,0511
213,21	-1,0511
213,29	-1,0512
213,37	-1,0512
213,46	-1,0512
213,54	-1,0513
213,62	-1,0513
213,71	-1,0513
213,79	-1,0513
213,87	-1,0513
213,96	-1,0513
214,04	-1,0513
214,12	-1,0512
214,21	-1,0511
214,29	-1,0512
214,37	-1,0512
214,46	-1,0511
214,54	-1,0510
214,62	-1,0510
214,71	-1,0509
214,79	-1,0509
214,87	-1,0509
214,96	-1,0508
215,04	-1,0507
215,12	-1,0506
215,21	-1,0505
215,29	-1,0505
215,37	-1,0504
215,46	-1,0503
215,54	-1,0502
215,62	-1,0502
215,71	-1,0502
215,79	-1,0501
215,87	-1,0500
215,96	-1,0500
216,04	-1,0499
216,12	-1,0499
216,21	-1,0499
216,29	-1,0499
216,37	-1,0498
216,46	-1,0497
216,54	-1,0496
216,62	-1,0495
216,71	-1,0495
216,79	-1,0494
216,87	-1,0493
216,96	-1,0493
217,04	-1,0492
217,12	-1,0490
217,21	-1,0490
217,29	-1,0490
217,37	-1,0489
217,46	-1,0488
217,54	-1,0488
217,62	-1,0488
217,71	-1,0487
217,79	-1,0487
217,87	-1,0486
217,96	-1,0486
218,04	-1,0485
218,12	-1,0484
218,21	-1,0483
218,29	-1,0483
218,37	-1,0482
218,46	-1,0481
218,54	-1,0481
218,62	-1,0480
218,71	-1,0480
218,79	-1,0480
218,87	-1,0479
218,96	-1,0478
219,04	-1,0477
219,12	-1,0476
219,20	-1,0476
219,29	-1,0475
219,37	-1,0474
219,46	-1,0474
219,54	-1,0474
219,62	-1,0473
219,71	-1,0472
219,79	-1,0472
219,87	-1,0471
219,95	-1,0471
220,04	-1,0470
220,12	-1,0470
220,21	-1,0469
220,29	-1,0468
220,37	-1,0468
220,45	-1,0467
220,54	-1,0467
220,62	-1,0466
220,70	-1,0465
220,79	-1,0464
220,87	-1,0463
220,95	-1,0462
221,04	-1,0461
221,12	-1,0461
221,20	-1,0460
221,29	-1,0459
221,37	-1,0458
221,45	-1,0458
221,54	-1,0458
221,62	-1,0458
221,70	-1,0458
221,79	-1,0458
221,87	-1,0458
221,95	-1,0458
222,04	-1,0458
222,12	-1,0458
222,20	-1,0457
222,29	-1,0456
222,37	-1,0456
222,45	-1,0456
222,54	-1,0457
222,62	-1,0457
222,70	-1,0456
222,79	-1,0456
222,87	-1,0457
222,95	-1,0457
223,04	-1,0457
223,12	-1,0457
223,20	-1,0457
223,29	-1,0457
223,37	-1,0458
223,45	-1,0458
223,54	-1,0458
223,62	-1,0458
223,70	-1,0458
223,79	-1,0458
223,87	-1,0458
223,95	-1,0458
224,04	-1,0458
224,12	-1,0458
224,20	-1,0458
224,29	-1,0458
224,37	-1,0458
224,45	-1,0458
224,54	-1,0459
224,62	-1,0459
224,70	-1,0459
224,79	-1,0459
224,87	-1,0459
224,95	-1,0459
225,04	-1,0459
225,12	-1,0460
225,20	-1,0461
225,29	-1,0461
225,37	-1,0461
225,45	-1,0461
225,54	-1,0462
225,62	-1,0463
225,70	-1,0463
225,79	-1,0463
225,87	-1,0463
225,95	-1,0463
226,04	-1,0463
226,12	-1,0463
226,20	-1,0463
226,29	-1,0464
226,37	-1,0464
226,45	-1,0464
226,54	-1,0465
226,62	-1,0466
226,70	-1,0466
226,79	-1,0466
226,87	-1,0466
226,95	-1,0467
227,04	-1,0467
227,12	-1,0468
227,20	-1,0468
227,29	-1,0468
227,37	-1,0468
227,45	-1,0468
227,54	-1,0469
227,62	-1,0469
227,70	-1,0469
227,79	-1,0469
227,87	-1,0469
227,95	-1,0468
228,04	-1,0468
228,12	-1,0468
228,20	-1,0467
228,29	-1,0467
228,37	-1,0466
228,45	-1,0466
228,54	-1,0465
228,62	-1,0464
228,70	-1,0464
228,79	-1,0463
228,87	-1,0463
228,95	-1,0462
229,04	-1,0462
229,12	-1,0461
229,20	-1,0460
229,29	-1,0460
229,37	-1,0458
229,45	-1,0457
229,54	-1,0457
229,62	-1,0456
229,70	-1,0454
229,79	-1,0453
229,87	-1,0452
229,95	-1,0451
230,04	-1,0451
230,12	-1,0450
230,20	-1,0449
230,29	-1,0448
230,37	-1,0447
230,45	-1,0446
230,54	-1,0444
230,62	-1,0443
230,70	-1,0442
230,79	-1,0441
230,87	-1,0440
230,95	-1,0439
231,04	-1,0438
231,12	-1,0437
231,20	-1,0436
231,29	-1,0435
231,37	-1,0435
231,45	-1,0434
231,54	-1,0433
231,62	-1,0432
231,70	-1,0431
231,79	-1,0430
231,87	-1,0429
231,95	-1,0429
232,04	-1,0428
232,12	-1,0427
232,20	-1,0426
232,29	-1,0425
232,37	-1,0424
232,45	-1,0423
232,54	-1,0423
232,62	-1,0422
232,70	-1,0422
232,78	-1,0422
232,87	-1,0421
232,95	-1,0421
233,04	-1,0420
233,12	-1,0420
233,20	-1,0420
233,29	-1,0419
233,37	-1,0419
233,45	-1,0418
233,54	-1,0417
233,62	-1,0416
233,70	-1,0416
233,78	-1,0416
233,87	-1,0416
233,95	-1,0416
234,04	-1,0416
234,12	-1,0415
234,20	-1,0415
234,28	-1,0415
234,37	-1,0415
234,45	-1,0415
234,53	-1,0415
234,62	-1,0415
234,70	-1,0415
234,78	-1,0415
234,87	-1,0414
234,95	-1,0414
235,03	-1,0414
235,12	-1,0415
235,20	-1,0415
235,28	-1,0415
235,37	-1,0415
235,45	-1,0415
235,53	-1,0415
235,62	-1,0415
235,70	-1,0415
235,78	-1,0416
235,87	-1,0416
235,95	-1,0416
236,03	-1,0416
236,12	-1,0416
236,20	-1,0416
236,28	-1,0416
236,37	-1,0416
236,45	-1,0416
236,53	-1,0416
236,62	-1,0416
236,70	-1,0416
236,78	-1,0416
236,87	-1,0416
236,95	-1,0417
237,03	-1,0417
237,12	-1,0417
237,20	-1,0417
237,28	-1,0417
237,37	-1,0417
237,45	-1,0418
237,53	-1,0418
237,62	-1,0419
237,70	-1,0420
237,78	-1,0421
237,87	-1,0421
237,95	-1,0422
238,03	-1,0422
238,12	-1,0423
238,20	-1,0424
238,28	-1,0425
238,37	-1,0426
238,45	-1,0426
238,53	-1,0427
238,62	-1,0428
238,70	-1,0429
238,78	-1,0430
238,87	-1,0431
238,95	-1,0432
239,03	-1,0433
239,12	-1,0434
239,20	-1,0435
239,28	-1,0436
239,37	-1,0438
239,45	-1,0439
239,53	-1,0440
239,62	-1,0442
239,70	-1,0444
239,78	-1,0445
239,87	-1,0446
239,95	-1,0448
240,03	-1,0450
240,12	-1,0451
240,20	-1,0453
240,28	-1,0454
240,37	-1,0456
240,45	-1,0458
240,53	-1,0459
240,62	-1,0461
240,70	-1,0463
240,78	-1,0464
240,87	-1,0465
240,95	-1,0466
241,03	-1,0466
241,12	-1,0466
241,20	-1,0466
241,28	-1,0466
241,37	-1,0466
241,45	-1,0467
241,53	-1,0467
241,62	-1,0468
241,70	-1,0469
241,78	-1,0469
241,87	-1,0469
241,95	-1,0469
242,03	-1,0470
242,12	-1,0470
242,20	-1,0469
242,28	-1,0469
242,37	-1,0469
242,45	-1,0469
242,53	-1,0469
242,62	-1,0469
242,70	-1,0469
242,78	-1,0469
242,87	-1,0468
242,95	-1,0468
243,03	-1,0468
243,12	-1,0468
243,20	-1,0469
243,28	-1,0468
243,37	-1,0468
243,45	-1,0468
243,53	-1,0468
243,62	-1,0468
243,70	-1,0468
243,78	-1,0468
243,87	-1,0468
243,95	-1,0469
244,03	-1,0468
244,12	-1,0469
244,20	-1,0469
244,28	-1,0469
244,37	-1,0470
244,45	-1,0470
244,53	-1,0471
244,62	-1,0472
244,70	-1,0472
244,78	-1,0472
244,87	-1,0473
244,95	-1,0474
245,03	-1,0475
245,12	-1,0475
245,20	-1,0476
245,28	-1,0477
245,37	-1,0478
245,45	-1,0479
245,53	-1,0480
245,62	-1,0481
245,70	-1,0483
245,78	-1,0484
245,87	-1,0486
245,95	-1,0487
246,03	-1,0488
246,12	-1,0490
246,20	-1,0492
246,28	-1,0494
246,37	-1,0495
246,45	-1,0497
246,53	-1,0499
246,62	-1,0501
246,70	-1,0503
246,78	-1,0506
246,86	-1,0508
246,95	-1,0510
247,03	-1,0512
247,11	-1,0515
247,20	-1,0517
247,28	-1,0519
247,36	-1,0521
247,45	-1,0523
247,53	-1,0525
247,62	-1,0528
247,70	-1,0531
247,78	-1,0534
247,86	-1,0536
247,95	-1,0539
248,03	-1,0541
248,11	-1,0544
248,20	-1,0546
248,28	-1,0549
248,36	-1,0551
248,45	-1,0554
248,53	-1,0557
248,61	-1,0559
248,70	-1,0561
248,78	-1,0564
248,86	-1,0567
248,95	-1,0570
249,03	-1,0573
249,11	-1,0576
249,20	-1,0578
249,28	-1,0581
249,36	-1,0584
249,45	-1,0587
249,53	-1,0590
249,61	-1,0593
249,70	-1,0596
249,78	-1,0599
249,86	-1,0602
249,95	-1,0605
250,03	-1,0607
250,11	-1,0610
250,20	-1,0613
250,28	-1,0615
250,36	-1,0618
250,45	-1,0621
250,53	-1,0624
250,61	-1,0627
250,70	-1,0630
250,78	-1,0633
250,86	-1,0636
250,95	-1,0640
251,03	-1,0642
251,11	-1,0645
251,20	-1,0648
251,28	-1,0651
251,36	-1,0654
251,45	-1,0658
251,53	-1,0661
251,61	-1,0664
251,70	-1,0668
251,78	-1,0671
251,86	-1,0674
251,95	-1,0677
252,03	-1,0681
252,11	-1,0684
252,20	-1,0688
252,28	-1,0691
252,36	-1,0695
252,45	-1,0699
252,53	-1,0702
252,61	-1,0706
252,70	-1,0709
252,78	-1,0713
252,86	-1,0717
252,95	-1,0720
253,03	-1,0724
253,11	-1,0728
253,20	-1,0732
253,28	-1,0736
253,36	-1,0740
253,45	-1,0743
253,53	-1,0747
253,61	-1,0751
253,70	-1,0755
253,78	-1,0760
253,86	-1,0764
253,95	-1,0768
254,03	-1,0771
254,11	-1,0775
254,20	-1,0780
254,28	-1,0784
254,36	-1,0788
254,45	-1,0792
254,53	-1,0796
254,61	-1,0800
254,70	-1,0804
254,78	-1,0807
254,86	-1,0811
254,95	-1,0814
255,03	-1,0818
255,11	-1,0823
255,20	-1,0826
255,28	-1,0830
255,36	-1,0834
255,45	-1,0838
255,53	-1,0842
255,61	-1,0846
255,70	-1,0850
255,78	-1,0853
255,86	-1,0857
255,95	-1,0861
256,03	-1,0866
256,11	-1,0870
256,20	-1,0874
256,28	-1,0878
256,36	-1,0882
256,45	-1,0887
256,53	-1,0891
256,61	-1,0896
256,70	-1,0900
256,78	-1,0905
256,86	-1,0910
256,95	-1,0914
257,03	-1,0919
257,11	-1,0924
257,20	-1,0929
257,28	-1,0933
257,36	-1,0938
257,44	-1,0943
257,53	-1,0949
257,61	-1,0954
257,69	-1,0959
257,78	-1,0964
257,86	-1,0968
257,95	-1,0973
258,03	-1,0979
258,11	-1,0983
258,19	-1,0988
258,28	-1,0993
258,36	-1,0998
258,44	-1,1004
258,53	-1,1010
258,61	-1,1015
258,69	-1,1020
258,78	-1,1026
258,86	-1,1031
258,94	-1,1037
259,03	-1,1043
259,11	-1,1048
259,19	-1,1053
259,28	-1,1059
259,36	-1,1065
259,44	-1,1071
259,53	-1,1077
259,61	-1,1082
259,69	-1,1088
259,78	-1,1095
259,86	-1,1101
259,94	-1,1108
260,03	-1,1114
260,11	-1,1120
260,19	-1,1127
260,28	-1,1133
260,36	-1,1140
260,44	-1,1147
260,53	-1,1153
260,61	-1,1160
260,69	-1,1167
260,78	-1,1174
260,86	-1,1181
260,94	-1,1187
261,03	-1,1194
261,11	-1,1201
261,19	-1,1208
261,28	-1,1215
261,36	-1,1222
261,44	-1,1229
261,53	-1,1236
261,61	-1,1243
261,69	-1,1250
261,78	-1,1256
261,86	-1,1264
261,94	-1,1271
262,03	-1,1279
262,11	-1,1287
262,19	-1,1294
262,28	-1,1302
262,36	-1,1309
262,44	-1,1316
262,53	-1,1324
262,61	-1,1332
262,69	-1,1340
262,77	-1,1348
262,86	-1,1356
262,94	-1,1364
263,02	-1,1371
263,11	-1,1379
263,19	-1,1387
263,27	-1,1394
263,36	-1,1402
263,44	-1,1411
263,52	-1,1419
263,61	-1,1427
263,69	-1,1436
263,77	-1,1444
263,86	-1,1453
263,94	-1,1461
264,02	-1,1470
264,11	-1,1479
264,19	-1,1487
264,27	-1,1496
264,36	-1,1505
264,44	-1,1514
264,52	-1,1523
264,61	-1,1532
264,69	-1,1540
264,77	-1,1549
264,86	-1,1559
264,94	-1,1568
265,02	-1,1577
265,11	-1,1586
265,19	-1,1595
265,27	-1,1603
265,36	-1,1612
265,44	-1,1622
265,52	-1,1631
265,61	-1,1641
265,69	-1,1650
265,77	-1,1660
265,86	-1,1669
265,94	-1,1679
266,02	-1,1689
266,11	-1,1698
266,19	-1,1708
266,27	-1,1718
266,36	-1,1728
266,44	-1,1737
266,52	-1,1747
266,61	-1,1756
266,69	-1,1767
266,77	-1,1777
266,86	-1,1787
266,94	-1,1797
267,02	-1,1807
267,11	-1,1817
267,19	-1,1827
267,27	-1,1838
267,36	-1,1848
267,44	-1,1858
267,52	-1,1868
267,60	-1,1879
267,69	-1,1889
267,77	-1,1899
267,85	-1,1909
267,94	-1,1919
268,02	-1,1929
268,10	-1,1939
268,19	-1,1950
268,27	-1,1960
268,35	-1,1971
268,44	-1,1981
268,52	-1,1991
268,60	-1,2001
268,69	-1,2011
268,77	-1,2022
268,85	-1,2032
268,94	-1,2042
269,02	-1,2052
269,10	-1,2062
269,19	-1,2072
269,27	-1,2082
269,35	-1,2091
269,44	-1,2101
269,52	-1,2111
269,60	-1,2121
269,69	-1,2130
269,77	-1,2140
269,85	-1,2150
269,94	-1,2160
270,02	-1,2169
270,10	-1,2179
270,19	-1,2189
270,27	-1,2199
270,35	-1,2209
270,44	-1,2219
270,52	-1,2229
270,60	-1,2239
270,69	-1,2249
270,77	-1,2259
270,85	-1,2268
270,94	-1,2278
271,02	-1,2288
271,10	-1,2298
271,18	-1,2308
271,27	-1,2318
271,35	-1,2327
271,43	-1,2337
271,52	-1,2347
271,60	-1,2357
271,68	-1,2367
271,77	-1,2377
271,85	-1,2387
271,93	-1,2397
272,02	-1,2406
272,10	-1,2416
272,18	-1,2427
272,27	-1,2437
272,35	-1,2447
272,43	-1,2457
272,52	-1,2466
272,60	-1,2476
272,68	-1,2486
272,77	-1,2497
272,85	-1,2507
272,93	-1,2517
273,02	-1,2528
273,10	-1,2538
273,18	-1,2549
273,27	-1,2559
273,35	-1,2570
273,43	-1,2580
273,52	-1,2590
273,60	-1,2600
273,68	-1,2610
273,77	-1,2620
273,85	-1,2630
273,93	-1,2641
274,02	-1,2651
274,10	-1,2662
274,18	-1,2672
274,27	-1,2682
274,35	-1,2692
274,43	-1,2701
274,52	-1,2712
274,60	-1,2722
274,68	-1,2732
274,76	-1,2742
274,85	-1,2751
274,93	-1,2761
275,01	-1,2771
275,10	-1,2780
275,18	-1,2790
275,26	-1,2800
275,35	-1,2810
275,43	-1,2819
275,51	-1,2829
275,60	-1,2838
275,68	-1,2848
275,76	-1,2856
275,85	-1,2866
275,93	-1,2875
276,01	-1,2885
276,10	-1,2895
276,18	-1,2904
276,26	-1,2913
276,35	-1,2923
276,43	-1,2932
276,51	-1,2941
276,60	-1,2950
276,68	-1,2959
276,76	-1,2968
276,85	-1,2977
276,93	-1,2985
277,01	-1,2994
277,10	-1,3003
277,18	-1,3012
277,26	-1,3021
277,35	-1,3029
277,43	-1,3038
277,51	-1,3046
277,60	-1,3054
277,68	-1,3062
277,76	-1,3070
277,85	-1,3078
277,93	-1,3086
278,01	-1,3093
278,10	-1,3101
278,18	-1,3109
278,26	-1,3117
278,35	-1,3124
278,43	-1,3131
278,51	-1,3138
278,60	-1,3145
278,68	-1,3152
278,76	-1,3159
278,85	-1,3166
278,93	-1,3172
279,01	-1,3179
279,10	-1,3186
279,18	-1,3192
279,26	-1,3198
279,35	-1,3204
279,43	-1,3210
279,51	-1,3216
279,60	-1,3221
279,68	-1,3227
279,76	-1,3233
279,85	-1,3238
279,93	-1,3243
280,01	-1,3248
280,10	-1,3253
280,18	-1,3257
280,26	-1,3262
280,35	-1,3267
280,43	-1,3271
280,51	-1,3275
280,60	-1,3280
280,68	-1,3283
280,76	-1,3288
280,85	-1,3292
280,93	-1,3296
281,01	-1,3299
281,10	-1,3303
281,18	-1,3306
281,26	-1,3309
281,35	-1,3313
281,43	-1,3316
281,51	-1,3319
281,59	-1,3321
281,68	-1,3325
281,76	-1,3328
281,84	-1,3330
281,93	-1,3332
282,01	-1,3334
282,09	-1,3336
282,18	-1,3339
282,26	-1,3341
282,34	-1,3343
282,43	-1,3345
282,51	-1,3346
282,59	-1,3348
282,68	-1,3349
282,76	-1,3350
282,84	-1,3352
282,93	-1,3353
283,01	-1,3354
283,09	-1,3355
283,18	-1,3356
283,26	-1,3357
283,34	-1,3357
283,43	-1,3358
283,51	-1,3359
283,59	-1,3360
283,68	-1,3360
283,76	-1,3361
283,84	-1,3361
283,93	-1,3362
284,01	-1,3362
284,09	-1,3362
284,18	-1,3363
284,26	-1,3363
284,34	-1,3362
284,43	-1,3363
284,51	-1,3363
284,59	-1,3363
284,68	-1,3363
284,76	-1,3362
284,84	-1,3362
284,93	-1,3361
285,01	-1,3360
285,09	-1,3360
285,18	-1,3358
285,26	-1,3357
285,34	-1,3356
285,43	-1,3355
285,51	-1,3354
285,59	-1,3353
285,68	-1,3352
285,76	-1,3351
285,84	-1,3350
285,93	-1,3349
286,01	-1,3347
286,09	-1,3346
286,18	-1,3344
286,26	-1,3343
286,34	-1,3342
286,43	-1,3340
286,51	-1,3338
286,59	-1,3336
286,68	-1,3334
286,76	-1,3332
286,84	-1,3331
286,93	-1,3329
287,01	-1,3327
287,09	-1,3326
287,18	-1,3325
287,26	-1,3323
287,34	-1,3321
287,43	-1,3319
287,51	-1,3317
287,59	-1,3315
287,68	-1,3313
287,76	-1,3312
287,84	-1,3309
287,93	-1,3308
288,01	-1,3306
288,09	-1,3304
288,18	-1,3302
288,26	-1,3300
288,34	-1,3298
288,43	-1,3296
288,51	-1,3293
288,59	-1,3291
288,68	-1,3289
288,76	-1,3287
288,84	-1,3285
288,93	-1,3283
289,01	-1,3280
289,09	-1,3278
289,18	-1,3276
289,26	-1,3273
289,34	-1,3270
289,43	-1,3268
289,51	-1,3265
289,59	-1,3262
289,68	-1,3260
289,76	-1,3257
289,84	-1,3254
289,93	-1,3252
290,01	-1,3249
290,09	-1,3246
290,18	-1,3243
290,26	-1,3241
290,34	-1,3237
290,43	-1,3234
290,51	-1,3230
290,59	-1,3226
290,68	-1,3222
290,76	-1,3217
290,84	-1,3213
290,93	-1,3209
291,01	-1,3204
291,09	-1,3199
291,18	-1,3194
291,26	-1,3189
291,34	-1,3184
291,43	-1,3178
291,51	-1,3173
291,59	-1,3167
291,68	-1,3160
291,76	-1,3154
291,84	-1,3148
291,93	-1,3141
292,01	-1,3135
292,09	-1,3128
292,18	-1,3122
292,26	-1,3115
292,34	-1,3109
292,43	-1,3103
292,51	-1,3097
292,59	-1,3091
292,68	-1,3085
292,76	-1,3078
292,84	-1,3072
292,93	-1,3065
293,01	-1,3059
293,09	-1,3053
293,18	-1,3046
293,26	-1,3040
293,34	-1,3034
293,43	-1,3027
293,51	-1,3020
293,59	-1,3014
293,68	-1,3008
293,76	-1,3002
293,84	-1,2995
293,93	-1,2988
294,01	-1,2982
294,09	-1,2975
294,18	-1,2969
294,26	-1,2962
294,34	-1,2956
294,43	-1,2949
294,51	-1,2943
294,59	-1,2936
294,68	-1,2929
294,76	-1,2923
294,84	-1,2917
294,93	-1,2911
295,01	-1,2904
295,09	-1,2898
295,18	-1,2892
295,26	-1,2886
295,34	-1,2879
295,43	-1,2873
295,51	-1,2866
295,59	-1,2860
295,68	-1,2853
295,76	-1,2847
295,84	-1,2841
295,93	-1,2834
296,01	-1,2828
296,09	-1,2822
296,18	-1,2815
296,26	-1,2809
296,34	-1,2803
296,43	-1,2796
296,51	-1,2790
296,59	-1,2783
296,68	-1,2777
296,76	-1,2770
296,84	-1,2763
296,93	-1,2756
297,01	-1,2749
297,09	-1,2742
297,18	-1,2735
297,26	-1,2728
297,34	-1,2721
297,43	-1,2715
297,51	-1,2708
297,59	-1,2701
297,68	-1,2694
297,76	-1,2687
297,84	-1,2680
297,93	-1,2673
298,01	-1,2666
298,09	-1,2660
298,18	-1,2653
298,26	-1,2646
298,34	-1,2639
298,43	-1,2633
298,51	-1,2626
298,59	-1,2619
298,68	-1,2612
298,76	-1,2605
298,84	-1,2598
298,93	-1,2592
299,01	-1,2585
299,09	-1,2578
299,18	-1,2571
299,26	-1,2565
299,34	-1,2558
299,43	-1,2551
299,51	-1,2544
299,59	-1,2537
299,68	-1,2530
299,76	-1,2523
299,84	-1,2516
299,93	-1,2508
300,01	-1,2501
300,09	-1,2494
300,18	-1,2487
300,26	-1,2480
300,34	-1,2472
300,43	-1,2465
300,51	-1,2458
300,59	-1,2451
300,68	-1,2443
300,76	-1,2435
300,84	-1,2426
300,93	-1,2418
301,01	-1,2410
301,09	-1,2401
301,18	-1,2390
301,26	-1,2380
301,34	-1,2370
301,43	-1,2360
301,51	-1,2350
301,59	-1,2340
301,68	-1,2329
301,76	-1,2318
301,84	-1,2308
301,93	-1,2297
302,01	-1,2286
302,09	-1,2275
302,18	-1,2264
302,26	-1,2252
302,34	-1,2241
302,43	-1,2229
302,51	-1,2218
302,59	-1,2206
302,68	-1,2195
302,76	-1,2182
302,84	-1,2170
302,93	-1,2157
303,01	-1,2145
303,09	-1,2132
303,18	-1,2120
303,26	-1,2107
303,34	-1,2095
303,43	-1,2080
303,51	-1,2064
303,59	-1,2050
303,68	-1,2036
303,76	-1,2022
303,84	-1,2008
303,93	-1,1992
304,01	-1,1977
304,09	-1,1962
304,18	-1,1947
304,26	-1,1927
304,34	-1,1909
304,43	-1,1893
304,51	-1,1876
304,59	-1,1858
304,68	-1,1830
304,76	-1,1805
304,85	-1,1782
304,93	-1,1760
305,01	-1,1740
305,10	-1,1716
305,18	-1,1695
305,26	-1,1669
305,35	-1,1647
305,43	-1,1625
305,51	-1,1603
305,60	-1,1576
305,68	-1,1541
305,76	-1,1509
305,85	-1,1483
305,93	-1,1451
306,01	-1,1427
306,10	-1,1397
306,18	-1,1372
306,26	-1,1348
306,35	-1,1315
306,43	-1,1285
306,51	-1,1257
306,60	-1,1233
306,68	-1,1205
306,76	-1,1175
306,85	-1,1149
306,93	-1,1121
307,01	-1,1091
307,10	-1,1062
307,18	-1,1032
307,26	-1,1000
307,35	-1,0974
307,43	-1,0945
307,51	-1,0912
307,60	-1,0883
307,68	-1,0855
307,77	-1,0827
307,85	-1,0798
307,93	-1,0768
308,01	-1,0739
308,10	-1,0708
308,18	-1,0684
308,26	-1,0657
308,35	-1,0622
308,43	-1,0582
308,52	-1,0543
308,60	-1,0504
308,68	-1,0465
308,77	-1,0426
308,85	-1,0386
308,93	-1,0348
309,02	-1,0312
309,10	-1,0280
309,18	-1,0242
309,27	-1,0206
309,35	-1,0171
309,43	-1,0131
309,52	-1,0077
309,60	-1,0042
309,68	-1,0005
309,77	-0,9965
309,85	-0,9927
309,93	-0,9897
310,02	-0,9866
310,10	-0,9832
310,18	-0,9794
310,27	-0,9761
310,35	-0,9729
310,43	-0,9697
310,52	-0,9663
310,60	-0,9627
310,69	-0,9590
310,77	-0,9555
310,85	-0,9519
310,94	-0,9484
311,02	-0,9452
311,10	-0,9420
311,19	-0,9385
311,27	-0,9346
311,35	-0,9298
311,44	-0,9252
311,52	-0,9204
311,60	-0,9154
311,69	-0,9107
311,77	-0,9060
311,85	-0,9004
311,94	-0,8954
312,02	-0,8901
312,10	-0,8853
312,19	-0,8808
312,27	-0,8763
312,36	-0,8708
312,44	-0,8647
312,52	-0,8602
312,61	-0,8550
312,69	-0,8500
312,77	-0,8451
312,86	-0,8396
312,94	-0,8343
313,02	-0,8290
313,11	-0,8223
313,19	-0,8171
313,27	-0,8122
313,36	-0,8062
313,44	-0,7998
313,52	-0,7940
313,61	-0,7882
313,69	-0,7814
313,78	-0,7750
313,86	-0,7693
313,94	-0,7630
314,03	-0,7559
314,11	-0,7490
314,19	-0,7426
314,28	-0,7355
314,36	-0,7277
314,44	-0,7196
314,53	-0,7125
314,61	-0,7049
314,70	-0,6977
314,78	-0,6908
314,86	-0,6834
314,95	-0,6760
315,03	-0,6679
315,11	-0,6600
315,20	-0,6517
315,28	-0,6430
315,36	-0,6343
315,45	-0,6258
315,53	-0,6175
315,62	-0,6095
315,70	-0,6011
315,78	-0,5922
315,87	-0,5836
315,95	-0,5760
316,03	-0,5672
316,12	-0,5586
316,20	-0,5510
316,28	-0,5429
316,37	-0,5342
316,45	-0,5249
316,54	-0,5175
316,62	-0,5090
316,70	-0,5002
316,79	-0,4908
316,87	-0,4827
316,95	-0,4726
317,04	-0,4617
317,12	-0,4512
317,20	-0,4406
317,29	-0,4299
317,37	-0,4189
317,46	-0,4083
317,54	-0,3949
317,62	-0,3820
317,71	-0,3709
317,79	-0,3573
317,87	-0,3433
317,96	-0,3314
318,04	-0,3202
318,13	-0,3090
318,21	-0,2971
318,29	-0,2845
318,38	-0,2716
318,46	-0,2594
318,55	-0,2465
318,63	-0,2337
318,71	-0,2196
318,80	-0,2050
318,88	-0,1910
318,96	-0,1760
319,05	-0,1597
319,13	-0,1434
319,22	-0,1274
319,30	-0,1109
319,38	-0,0958
319,47	-0,0765
319,55	-0,0582
319,64	-0,0405
319,72	-0,0224
319,80	-0,0035
319,89	0,0145
319,97	0,0308
320,06	0,0487
320,14	0,0669
320,22	0,0845
320,31	0,1023
320,39	0,1234
320,48	0,1415
320,56	0,1610
320,65	0,1833
320,73	0,2054
320,81	0,2291
320,90	0,2507
320,98	0,2729
321,07	0,2961
321,15	0,3197
321,24	0,3431
321,32	0,3657
321,40	0,3887
321,49	0,4125
321,57	0,4358
321,66	0,4615
321,74	0,4840
321,83	0,5102
321,91	0,5365
321,99	0,5635
322,08	0,5908
322,16	0,6171
322,25	0,6452
322,33	0,6722
322,42	0,6989
322,50	0,7243
322,59	0,7491
322,67	0,7751
322,75	0,8022
322,84	0,8284
322,92	0,8546
323,01	0,8837
323,09	0,9116
323,18	0,9398
323,26	0,9658
323,35	0,9894
323,43	1,0135
323,51	1,0378
323,60	1,0637
323,68	1,0903
323,77	1,1126
323,85	1,1367
323,94	1,1591
324,02	1,1807
324,10	1,2002
324,19	1,2203
324,27	1,2386
324,36	1,2566
324,44	1,2741
324,52	1,2891
324,61	1,3050
324,69	1,3203
324,78	1,3339
324,86	1,3447
324,94	1,3519
325,03	1,3559
325,11	1,3595
325,20	1,3607
325,28	1,3574
325,36	1,3524
325,44	1,3485
325,53	1,3425
325,61	1,3330
325,69	1,3193
325,78	1,2969
325,86	1,2670
325,94	1,2389
326,02	1,2101
326,11	1,1803
326,19	1,1541
326,27	1,1246
326,35	1,0991
326,43	1,0749
326,52	1,0501
326,60	1,0245
326,68	1,0005
326,76	0,9761
326,84	0,9496
326,93	0,9234
327,01	0,8957
327,09	0,8661
327,17	0,8400
327,26	0,8125
327,34	0,7841
327,42	0,7558
327,50	0,7288
327,58	0,7052
327,67	0,6805
327,75	0,6552
327,83	0,6314
327,91	0,6081
328,00	0,5866
328,08	0,5652
328,16	0,5465
328,24	0,5302
328,32	0,5123
328,41	0,4981
328,49	0,4841
328,57	0,4709
328,65	0,4571
328,74	0,4455
328,82	0,4350
328,90	0,4225
328,99	0,4108
329,07	0,4014
329,15	0,3931
329,23	0,3850
329,32	0,3766
329,40	0,3689
329,48	0,3617
329,57	0,3540
329,65	0,3460
329,73	0,3369
329,81	0,3264
329,90	0,3149
329,98	0,3014
330,06	0,2877
330,15	0,2724
330,23	0,2552
330,31	0,2390
330,39	0,2220
330,48	0,2057
330,56	0,1917
330,64	0,1758
330,72	0,1615
330,81	0,1484
330,89	0,1343
330,97	0,1205
331,05	0,1088
331,14	0,0983
331,22	0,0881
331,30	0,0791
331,39	0,0703
331,47	0,0626
331,55	0,0567
331,64	0,0500
331,72	0,0435
331,80	0,0384
331,88	0,0342
331,97	0,0298
332,05	0,0255
332,13	0,0218
332,22	0,0194
332,30	0,0173
332,38	0,0147
332,46	0,0122
332,55	0,0103
332,63	0,0090
332,71	0,0075
332,80	0,0064
332,88	0,0052
332,96	0,0041
333,05	0,0027
333,13	0,0014
333,21	0,0001
333,30	-0,0015
333,38	-0,0036
333,46	-0,0056
333,55	-0,0072
333,63	-0,0097
333,71	-0,0122
333,80	-0,0143
333,88	-0,0159
333,96	-0,0171
334,05	-0,0185
334,13	-0,0196
334,21	-0,0205
334,30	-0,0215
334,38	-0,0225
334,46	-0,0233
334,55	-0,0241
334,63	-0,0249
334,71	-0,0256
334,80	-0,0261
334,88	-0,0266
334,96	-0,0271
335,05	-0,0275
335,13	-0,0278
335,21	-0,0280
335,30	-0,0281
335,38	-0,0282
335,46	-0,0282
335,55	-0,0280
335,63	-0,0275
335,71	-0,0270
335,80	-0,0261
335,88	-0,0247
335,96	-0,0235
336,05	-0,0218
336,13	-0,0199
336,21	-0,0174
336,30	-0,0149
336,38	-0,0115
336,46	-0,0084
336,55	-0,0044
336,63	0,0000
336,72	0,0048
336,80	0,0095
336,88	0,0141
336,97	0,0196
337,05	0,0245
337,13	0,0290
337,22	0,0337
337,30	0,0388
337,38	0,0438
337,47	0,0486
337,55	0,0539
337,63	0,0593
337,72	0,0643
337,80	0,0695
337,88	0,0749
337,97	0,0807
338,05	0,0869
338,13	0,0935
338,22	0,0994
338,30	0,1052
338,39	0,1107
338,47	0,1162
338,55	0,1209
338,64	0,1249
338,72	0,1286
338,80	0,1317
338,89	0,1347
338,97	0,1382
339,05	0,1418
339,14	0,1449
339,22	0,1482
339,30	0,1512
339,39	0,1542
339,47	0,1581
339,55	0,1624
339,64	0,1664
339,72	0,1716
339,80	0,1764
339,89	0,1813
339,97	0,1875
340,06	0,1938
340,14	0,2000
340,22	0,2062
340,31	0,2137
340,39	0,2212
340,47	0,2277
340,56	0,2347
340,64	0,2435
340,72	0,2515
340,81	0,2591
340,89	0,2661
340,97	0,2734
341,06	0,2802
341,14	0,2868
341,22	0,2929
341,31	0,2985
341,39	0,3027
341,48	0,3067
341,56	0,3099
341,64	0,3127
341,73	0,3152
341,81	0,3165
341,89	0,3175
341,98	0,3180
342,06	0,3185
342,14	0,3190
342,23	0,3196
342,31	0,3199
342,39	0,3201
342,48	0,3202
342,56	0,3201
342,64	0,3198
342,72	0,3190
342,81	0,3170
342,89	0,3139
342,97	0,3095
343,06	0,3035
343,14	0,2958
343,22	0,2861
343,31	0,2732
343,39	0,2603
343,47	0,2469
343,55	0,2338
343,64	0,2193
343,72	0,2059
343,80	0,1947
343,89	0,1805
343,97	0,1661
344,05	0,1511
344,13	0,1355
344,22	0,1232
344,30	0,1088
344,38	0,0932
344,46	0,0799
344,55	0,0637
344,63	0,0481
344,71	0,0308
344,79	0,0125
344,88	-0,0043
344,96	-0,0239
345,04	-0,0443
345,13	-0,0616
345,21	-0,0824
345,29	-0,1033
345,37	-0,1238
345,46	-0,1448
345,54	-0,1663
345,62	-0,1872
345,70	-0,2092
345,78	-0,2306
345,87	-0,2517
345,95	-0,2716
346,03	-0,2932
346,11	-0,3139
346,20	-0,3348
346,28	-0,3565
346,36	-0,3791
346,44	-0,3998
346,53	-0,4206
346,61	-0,4388
346,69	-0,4593
346,77	-0,4792
346,86	-0,4995
346,94	-0,5170
347,02	-0,5364
347,10	-0,5543
347,19	-0,5727
347,27	-0,5919
347,35	-0,6102
347,43	-0,6274
347,52	-0,6444
347,60	-0,6613
347,68	-0,6786
347,76	-0,6951
347,85	-0,7103
347,93	-0,7247
348,01	-0,7389
348,09	-0,7537
348,18	-0,7706
348,26	-0,7841
348,34	-0,7977
348,42	-0,8110
348,51	-0,8241
348,59	-0,8365
348,67	-0,8466
348,75	-0,8588
348,84	-0,8691
348,92	-0,8784
349,00	-0,8878
349,09	-0,8972
349,17	-0,9054
349,25	-0,9141
349,33	-0,9223
349,42	-0,9285
349,50	-0,9367
349,58	-0,9440
349,67	-0,9504
349,75	-0,9566
349,83	-0,9629
349,92	-0,9681
350,00	-0,9750
350,08	-0,9798
350,16	-0,9834
350,25	-0,9878
350,33	-0,9928
350,41	-0,9963
350,50	-0,9996
350,58	-1,0029
350,66	-1,0059
350,75	-1,0094
350,83	-1,0129
350,91	-1,0162
351,00	-1,0196
351,08	-1,0232
351,16	-1,0268
351,25	-1,0309
351,33	-1,0350
351,41	-1,0397
351,49	-1,0435
351,58	-1,0463
351,66	-1,0492
351,74	-1,0518
351,83	-1,0544
351,91	-1,0564
351,99	-1,0577
352,08	-1,0591
352,16	-1,0603
352,24	-1,0615
352,33	-1,0630
352,41	-1,0641
352,49	-1,0656
352,58	-1,0674
352,66	-1,0695
352,74	-1,0711
352,82	-1,0727
352,91	-1,0745
352,99	-1,0758
353,07	-1,0770
353,16	-1,0785
353,24	-1,0798
353,32	-1,0810
353,41	-1,0823
353,49	-1,0836
353,57	-1,0848
353,66	-1,0860
353,74	-1,0872
353,82	-1,0885
353,91	-1,0897
353,99	-1,0909
354,07	-1,0922
354,16	-1,0934
354,24	-1,0945
354,32	-1,0958
354,41	-1,0969
354,49	-1,0981
354,57	-1,0993
354,66	-1,1004
354,74	-1,1015
354,82	-1,1026
354,91	-1,1038
354,99	-1,1049
355,07	-1,1059
355,16	-1,1070
355,24	-1,1081
355,32	-1,1092
355,41	-1,1102
355,49	-1,1112
355,57	-1,1123
355,65	-1,1133
355,74	-1,1143
355,82	-1,1153
355,90	-1,1162
355,99	-1,1172
356,07	-1,1182
356,15	-1,1192
356,24	-1,1201
356,32	-1,1210
356,40	-1,1219
356,49	-1,1228
356,57	-1,1236
356,65	-1,1245
356,74	-1,1254
356,82	-1,1262
356,90	-1,1271
356,99	-1,1279
357,07	-1,1287
357,15	-1,1295
357,24	-1,1303
357,32	-1,1311
357,40	-1,1318
357,49	-1,1325
357,57	-1,1333
357,65	-1,1340
357,74	-1,1347
357,82	-1,1354
357,90	-1,1362
357,99	-1,1368
358,07	-1,1375
358,15	-1,1382
358,24	-1,1389
358,32	-1,1396
358,40	-1,1402
358,49	-1,1409
358,57	-1,1415
358,65	-1,1421
358,74	-1,1428
358,82	-1,1434
358,90	-1,1441
358,99	-1,1447
359,07	-1,1453
359,15	-1,1460
359,24	-1,1466
359,32	-1,1472
359,40	-1,1477
359,49	-1,1483
359,57	-1,1489
359,65	-1,1495
359,74	-1,1501
359,82	-1,1506
359,90	-1,1512
359,99	-1,1518
360,07	-1,1523
360,15	-1,1529
360,23	-1,1534
360,32	-1,1540
360,40	-1,1545
360,48	-1,1550
360,57	-1,1555
360,65	-1,1560
360,73	-1,1565
360,82	-1,1569
360,90	-1,1574
360,98	-1,1579
361,07	-1,1584
361,15	-1,1589
361,23	-1,1594
361,32	-1,1599
361,40	-1,1604
361,48	-1,1609
361,57	-1,1613
361,65	-1,1618
361,73	-1,1622
361,82	-1,1626
361,90	-1,1630
361,98	-1,1635
362,07	-1,1638
362,15	-1,1642
362,23	-1,1646
362,32	-1,1649
362,40	-1,1653
362,48	-1,1656
362,57	-1,1659
362,65	-1,1662
362,73	-1,1665
362,82	-1,1668
362,90	-1,1670
362,98	-1,1673
363,07	-1,1675
363,15	-1,1678
363,23	-1,1680
363,32	-1,1682
363,40	-1,1684
363,48	-1,1686
363,57	-1,1689
363,65	-1,1691
363,73	-1,1693
363,82	-1,1695
363,90	-1,1696
363,98	-1,1697
364,07	-1,1697
364,15	-1,1698
364,23	-1,1699
364,32	-1,1700
364,40	-1,1700
364,48	-1,1701
364,57	-1,1702
364,65	-1,1702
364,73	-1,1703
364,82	-1,1703
364,90	-1,1704
364,98	-1,1704
365,07	-1,1705
365,15	-1,1705
365,23	-1,1706
365,32	-1,1707
365,40	-1,1706
365,48	-1,1707
365,57	-1,1707
365,65	-1,1707
365,73	-1,1708
365,81	-1,1708
365,90	-1,1708
365,98	-1,1709
366,07	-1,1709
366,15	-1,1710
366,23	-1,1710
366,32	-1,1711
366,40	-1,1711
366,48	-1,1712
366,57	-1,1714
366,65	-1,1714
366,73	-1,1715
366,81	-1,1715
366,90	-1,1715
366,98	-1,1716
367,06	-1,1716
367,15	-1,1717
367,23	-1,1717
367,31	-1,1717
367,40	-1,1716
367,48	-1,1716
367,56	-1,1716
367,65	-1,1716
367,73	-1,1716
367,81	-1,1717
367,90	-1,1717
367,98	-1,1717
368,06	-1,1717
368,15	-1,1717
368,23	-1,1717
368,31	-1,1717
368,40	-1,1716
368,48	-1,1716
368,56	-1,1716
368,65	-1,1715
368,73	-1,1715
368,81	-1,1715
368,90	-1,1715
368,98	-1,1714
369,06	-1,1714
369,15	-1,1714
369,23	-1,1714
369,31	-1,1714
369,40	-1,1713
369,48	-1,1713
369,56	-1,1712
369,65	-1,1712
369,73	-1,1712
369,81	-1,1712
369,90	-1,1711
369,98	-1,1711
370,06	-1,1710
370,15	-1,1709
370,23	-1,1708
370,31	-1,1708
370,40	-1,1707
370,48	-1,1706
370,56	-1,1705
370,65	-1,1703
370,73	-1,1701
370,81	-1,1700
370,90	-1,1698
370,98	-1,1696
371,06	-1,1695
371,15	-1,1693
371,23	-1,1691
371,31	-1,1689
371,40	-1,1688
371,48	-1,1686
371,56	-1,1684
371,65	-1,1682
371,73	-1,1681
371,81	-1,1679
371,90	-1,1677
371,98	-1,1675
372,06	-1,1674
372,15	-1,1671
372,23	-1,1670
372,31	-1,1668
372,40	-1,1666
372,48	-1,1665
372,56	-1,1663
372,65	-1,1662
372,73	-1,1660
372,81	-1,1658
372,90	-1,1658
372,98	-1,1656
373,06	-1,1655
373,15	-1,1653
373,23	-1,1652
373,31	-1,1651
373,39	-1,1649
373,48	-1,1647
373,56	-1,1646
373,65	-1,1644
373,73	-1,1643
373,81	-1,1641
373,89	-1,1639
373,98	-1,1637
374,06	-1,1635
374,15	-1,1634
374,23	-1,1632
374,31	-1,1631
374,39	-1,1629
374,48	-1,1627
374,56	-1,1625
374,64	-1,1624
374,73	-1,1622
374,81	-1,1620
374,89	-1,1619
374,98	-1,1618
375,06	-1,1616
375,14	-1,1615
375,23	-1,1613
375,31	-1,1612
375,39	-1,1610
375,48	-1,1608
375,56	-1,1606
375,64	-1,1604
375,73	-1,1602
375,81	-1,1601
375,89	-1,1598
375,98	-1,1596
376,06	-1,1594
376,14	-1,1592
376,23	-1,1590
376,31	-1,1588
376,39	-1,1586
376,48	-1,1584
376,56	-1,1583
376,64	-1,1581
376,73	-1,1579
376,81	-1,1577
376,89	-1,1575
376,98	-1,1573
377,06	-1,1570
377,14	-1,1568
377,23	-1,1567
377,31	-1,1564
377,39	-1,1561
377,48	-1,1557
377,56	-1,1554
377,64	-1,1551
377,73	-1,1548
377,81	-1,1544
377,89	-1,1540
377,98	-1,1537
378,06	-1,1534
378,14	-1,1531
378,23	-1,1527
378,31	-1,1524
378,39	-1,1520
378,48	-1,1516
378,56	-1,1512
378,64	-1,1508
378,73	-1,1504
378,81	-1,1500
378,89	-1,1495
378,98	-1,1490
379,06	-1,1485
379,14	-1,1481
379,23	-1,1476
379,31	-1,1472
379,39	-1,1468
379,48	-1,1462
379,56	-1,1458
379,64	-1,1453
379,73	-1,1449
379,81	-1,1444
379,89	-1,1439
379,98	-1,1433
380,06	-1,1428
380,14	-1,1422
380,23	-1,1417
380,31	-1,1412
380,39	-1,1407
380,48	-1,1401
380,56	-1,1396
380,64	-1,1392
380,73	-1,1387
380,81	-1,1382
380,89	-1,1377
380,98	-1,1371
381,06	-1,1366
381,14	-1,1361
381,23	-1,1356
381,31	-1,1351
381,39	-1,1346
381,48	-1,1342
381,56	-1,1337
381,64	-1,1332
381,73	-1,1328
381,81	-1,1323
381,89	-1,1318
381,97	-1,1313
382,06	-1,1309
382,14	-1,1305
382,22	-1,1300
382,31	-1,1295
382,39	-1,1291
382,47	-1,1286
382,56	-1,1282
382,64	-1,1277
382,72	-1,1273
382,81	-1,1269
382,89	-1,1265
382,97	-1,1261
383,06	-1,1257
383,14	-1,1253
383,22	-1,1249
383,31	-1,1244
383,39	-1,1240
383,47	-1,1237
383,56	-1,1233
383,64	-1,1230
383,72	-1,1226
383,81	-1,1223
383,89	-1,1220
383,97	-1,1217
384,06	-1,1214
384,14	-1,1211
384,22	-1,1208
384,31	-1,1206
384,39	-1,1203
384,47	-1,1201
384,56	-1,1198
384,64	-1,1196
384,72	-1,1194
384,81	-1,1191
384,89	-1,1189
384,97	-1,1187
385,06	-1,1184
385,14	-1,1182
385,22	-1,1180
385,31	-1,1178
385,39	-1,1175
385,47	-1,1174
385,56	-1,1172
385,64	-1,1170
385,72	-1,1169
385,81	-1,1167
385,89	-1,1166
385,97	-1,1165
386,06	-1,1163
386,14	-1,1162
386,22	-1,1160
386,31	-1,1159
386,39	-1,1158
386,47	-1,1157
386,56	-1,1156
386,64	-1,1155
386,72	-1,1154
386,81	-1,1153
386,89	-1,1151
386,97	-1,1150
387,06	-1,1150
387,14	-1,1149
387,22	-1,1148
387,31	-1,1149
387,39	-1,1149
387,47	-1,1149
387,56	-1,1149
387,64	-1,1149
387,72	-1,1150
387,81	-1,1151
387,89	-1,1152
387,97	-1,1153
388,05	-1,1154
388,14	-1,1155
388,22	-1,1157
388,30	-1,1158
388,39	-1,1159
388,47	-1,1161
388,55	-1,1163
388,64	-1,1165
388,72	-1,1167
388,80	-1,1169
388,89	-1,1171
388,97	-1,1174
389,05	-1,1176
389,14	-1,1178
389,22	-1,1181
389,30	-1,1184
389,39	-1,1187
389,47	-1,1190
389,55	-1,1193
389,64	-1,1196
389,72	-1,1200
389,80	-1,1204
389,89	-1,1207
389,97	-1,1211
390,05	-1,1214
390,14	-1,1218
390,22	-1,1223
390,30	-1,1227
390,39	-1,1231
390,47	-1,1235
390,55	-1,1240
390,64	-1,1244
390,72	-1,1248
390,80	-1,1253
390,89	-1,1258
390,97	-1,1263
391,05	-1,1268
391,14	-1,1273
391,22	-1,1278
391,30	-1,1284
391,39	-1,1290
391,47	-1,1296
391,55	-1,1301
391,63	-1,1307
391,72	-1,1313
391,80	-1,1319
391,88	-1,1324
391,97	-1,1328
392,05	-1,1333
392,13	-1,1338
392,22	-1,1343
392,30	-1,1348
392,38	-1,1353
392,47	-1,1357
392,55	-1,1362
392,63	-1,1367
392,72	-1,1371
392,80	-1,1377
392,88	-1,1382
392,97	-1,1387
393,05	-1,1392
393,13	-1,1397
393,22	-1,1402
393,30	-1,1408
393,38	-1,1413
393,47	-1,1418
393,55	-1,1423
393,63	-1,1429
393,72	-1,1435
393,80	-1,1441
393,88	-1,1447
393,97	-1,1453
394,05	-1,1460
394,13	-1,1466
394,22	-1,1472
394,30	-1,1478
394,38	-1,1484
394,47	-1,1490
394,55	-1,1497
394,63	-1,1504
394,72	-1,1511
394,80	-1,1517
394,88	-1,1524
394,96	-1,1530
395,05	-1,1537
395,13	-1,1543
395,21	-1,1549
395,30	-1,1556
395,38	-1,1562
395,46	-1,1569
395,55	-1,1576
395,63	-1,1583
395,71	-1,1589
395,80	-1,1595
395,88	-1,1602
395,96	-1,1608
396,05	-1,1615
396,13	-1,1622
396,21	-1,1628
396,30	-1,1634
396,38	-1,1640
396,46	-1,1645
396,55	-1,1651
396,63	-1,1658
396,71	-1,1664
396,80	-1,1669
396,88	-1,1674
396,96	-1,1679
397,05	-1,1684
397,13	-1,1689
397,21	-1,1694
397,30	-1,1700
397,38	-1,1706
397,46	-1,1711
397,55	-1,1716
397,63	-1,1721
397,71	-1,1727
397,79	-1,1732
397,88	-1,1737
397,96	-1,1743
398,05	-1,1748
398,13	-1,1753
398,21	-1,1758
398,29	-1,1763
398,38	-1,1767
398,46	-1,1772
398,54	-1,1776
398,63	-1,1781
398,71	-1,1785
398,79	-1,1790
398,88	-1,1794
398,96	-1,1799
399,04	-1,1804
399,13	-1,1809
399,21	-1,1814
399,29	-1,1818
399,38	-1,1823
399,46	-1,1828
399,54	-1,1833
399,63	-1,1838
399,71	-1,1842
399,79	-1,1847
399,88	-1,1852
399,96	-1,1856
400,04	-1,1861
400,13	-1,1866
400,21	-1,1870
400,29	-1,1875
400,38	-1,1879
400,46	-1,1884
400,54	-1,1889
400,63	-1,1894
400,71	-1,1898
400,79	-1,1903
400,88	-1,1909
400,96	-1,1914
401,04	-1,1919
401,13	-1,1924
401,21	-1,1929
401,29	-1,1934
401,38	-1,1938
401,46	-1,1942
401,54	-1,1947
401,62	-1,1950
401,71	-1,1954
401,79	-1,1958
401,87	-1,1962
401,96	-1,1966
402,04	-1,1970
402,12	-1,1974
402,21	-1,1978
402,29	-1,1982
402,37	-1,1986
402,46	-1,1991
402,54	-1,1994
402,62	-1,1998
402,71	-1,2003
402,79	-1,2007
402,87	-1,2012
402,96	-1,2017
403,04	-1,2022
403,12	-1,2027
403,21	-1,2032
403,29	-1,2038
403,37	-1,2043
403,46	-1,2048
403,54	-1,2053
403,62	-1,2058
403,71	-1,2063
403,79	-1,2068
403,87	-1,2074
403,96	-1,2079
404,04	-1,2085
404,12	-1,2090
404,20	-1,2096
404,29	-1,2101
404,37	-1,2106
404,45	-1,2111
404,54	-1,2116
404,62	-1,2122
404,70	-1,2128
404,79	-1,2133
404,87	-1,2139
404,95	-1,2144
405,04	-1,2150
405,12	-1,2155
405,20	-1,2161
405,29	-1,2167
405,37	-1,2172
405,45	-1,2177
405,54	-1,2181
405,62	-1,2186
405,70	-1,2191
405,79	-1,2195
405,87	-1,2200
405,95	-1,2205
406,04	-1,2209
406,12	-1,2213
406,20	-1,2216
406,29	-1,2220
406,37	-1,2225
406,45	-1,2228
406,54	-1,2232
406,62	-1,2235
406,70	-1,2238
406,79	-1,2242
406,87	-1,2246
406,95	-1,2249
407,04	-1,2252
407,12	-1,2255
407,20	-1,2258
407,29	-1,2261
407,37	-1,2264
407,45	-1,2267
407,54	-1,2270
407,62	-1,2273
407,70	-1,2276
407,79	-1,2279
407,87	-1,2283
407,95	-1,2286
408,04	-1,2289
408,12	-1,2292
408,20	-1,2295
408,28	-1,2298
408,37	-1,2301
408,45	-1,2304
408,53	-1,2306
408,62	-1,2308
408,70	-1,2310
408,78	-1,2312
408,87	-1,2315
408,95	-1,2317
409,03	-1,2319
409,12	-1,2321
409,20	-1,2323
409,28	-1,2325
409,37	-1,2328
409,45	-1,2330
409,53	-1,2332
409,62	-1,2335
409,70	-1,2337
409,78	-1,2340
409,87	-1,2342
409,95	-1,2344
410,03	-1,2347
410,12	-1,2350
410,20	-1,2352
410,28	-1,2355
410,37	-1,2358
410,45	-1,2361
410,53	-1,2364
410,62	-1,2367
410,70	-1,2370
410,78	-1,2374
410,87	-1,2377
410,95	-1,2380
411,03	-1,2383
411,12	-1,2386
411,20	-1,2390
411,28	-1,2393
411,37	-1,2396
411,45	-1,2399
411,53	-1,2402
411,62	-1,2406
411,70	-1,2409
411,78	-1,2411
411,87	-1,2414
411,95	-1,2418
412,03	-1,2420
412,12	-1,2423
412,20	-1,2426
412,28	-1,2428
412,37	-1,2431
412,45	-1,2433
412,53	-1,2436
412,62	-1,2439
412,70	-1,2442
412,78	-1,2445
412,87	-1,2448
412,95	-1,2451
413,03	-1,2454
413,12	-1,2456
413,20	-1,2459
413,28	-1,2462
413,37	-1,2465
413,45	-1,2467
413,53	-1,2471
413,62	-1,2474
413,70	-1,2476
413,78	-1,2479
413,87	-1,2482
413,95	-1,2485
414,03	-1,2488
414,12	-1,2491
414,20	-1,2494
414,28	-1,2497
414,36	-1,2500
414,45	-1,2503
414,53	-1,2506
414,61	-1,2509
414,70	-1,2511
414,78	-1,2514
414,86	-1,2516
414,95	-1,2519
415,03	-1,2522
415,11	-1,2525
415,20	-1,2528
415,28	-1,2530
415,36	-1,2533
415,45	-1,2535
415,53	-1,2538
415,61	-1,2541
415,70	-1,2543
415,78	-1,2546
415,86	-1,2547
415,95	-1,2549
416,03	-1,2550
416,11	-1,2552
416,20	-1,2554
416,28	-1,2556
416,36	-1,2558
416,45	-1,2560
416,53	-1,2563
416,61	-1,2566
416,70	-1,2568
416,78	-1,2570
416,86	-1,2572
416,95	-1,2574
417,03	-1,2577
417,11	-1,2580
417,20	-1,2583
417,28	-1,2585
417,36	-1,2588
417,45	-1,2590
417,53	-1,2593
417,61	-1,2595
417,70	-1,2598
417,78	-1,2601
417,86	-1,2604
417,94	-1,2607
418,03	-1,2610
418,11	-1,2612
418,20	-1,2615
418,28	-1,2618
418,36	-1,2620
418,44	-1,2623
418,53	-1,2626
418,61	-1,2629
418,69	-1,2632
418,78	-1,2635
418,86	-1,2638
418,94	-1,2640
419,03	-1,2643
419,11	-1,2646
419,19	-1,2649
419,28	-1,2652
419,36	-1,2655
419,44	-1,2657
419,53	-1,2660
419,61	-1,2663
419,69	-1,2665
419,78	-1,2668
419,86	-1,2671
419,94	-1,2673
420,03	-1,2676
420,11	-1,2678
420,19	-1,2680
420,28	-1,2682
420,36	-1,2684
420,44	-1,2685
420,53	-1,2686
420,61	-1,2688
420,69	-1,2689
420,78	-1,2692
420,86	-1,2693
420,94	-1,2695
421,03	-1,2697
421,11	-1,2698
421,19	-1,2700
421,27	-1,2702
421,36	-1,2703
421,44	-1,2706
421,52	-1,2707
421,61	-1,2709
421,69	-1,2711
421,77	-1,2713
421,86	-1,2714
421,94	-1,2716
422,02	-1,2717
422,11	-1,2718
422,19	-1,2720
422,27	-1,2721
422,36	-1,2723
422,44	-1,2725
422,52	-1,2727
422,61	-1,2728
422,69	-1,2730
422,77	-1,2732
422,86	-1,2733
422,94	-1,2734
423,02	-1,2735
423,11	-1,2737
423,19	-1,2738
423,27	-1,2738
423,36	-1,2739
423,44	-1,2740
423,52	-1,2741
423,61	-1,2742
423,69	-1,2743
423,77	-1,2744
423,85	-1,2746
423,94	-1,2748
424,02	-1,2749
424,10	-1,2750
424,19	-1,2751
424,27	-1,2752
424,35	-1,2753
424,44	-1,2755
424,52	-1,2757
424,60	-1,2759
424,69	-1,2761
424,77	-1,2763
424,85	-1,2765
424,94	-1,2767
425,02	-1,2769
425,10	-1,2771
425,19	-1,2774
425,27	-1,2775
425,35	-1,2777
425,44	-1,2779
425,52	-1,2781
425,60	-1,2782
425,69	-1,2784
425,77	-1,2786
425,85	-1,2788
425,94	-1,2790
426,02	-1,2792
426,10	-1,2793
426,19	-1,2794
426,27	-1,2796
426,35	-1,2797
426,44	-1,2798
426,52	-1,2799
426,60	-1,2801
426,69	-1,2803
426,77	-1,2804
426,85	-1,2807
426,94	-1,2808
427,02	-1,2809
427,10	-1,2811
427,19	-1,2813
427,27	-1,2815
427,35	-1,2816
427,44	-1,2817
427,52	-1,2819
427,60	-1,2822
427,69	-1,2823
427,77	-1,2825
427,85	-1,2828
427,94	-1,2830
428,02	-1,2832
428,10	-1,2834
428,19	-1,2836
428,27	-1,2838
428,35	-1,2840
428,44	-1,2842
428,52	-1,2845
428,60	-1,2847
428,69	-1,2849
428,77	-1,2851
428,85	-1,2852
428,94	-1,2854
429,02	-1,2856
429,10	-1,2857
429,19	-1,2860
429,27	-1,2862
429,35	-1,2864
429,43	-1,2867
429,52	-1,2870
429,60	-1,2872
429,68	-1,2875
429,77	-1,2878
429,85	-1,2880
429,93	-1,2882
430,02	-1,2885
430,10	-1,2887
430,18	-1,2889
430,27	-1,2892
430,35	-1,2894
430,43	-1,2897
430,52	-1,2899
430,60	-1,2902
430,68	-1,2905
430,77	-1,2907
430,85	-1,2910
430,93	-1,2913
431,02	-1,2916
431,10	-1,2919
431,18	-1,2922
431,27	-1,2925
431,35	-1,2928
431,43	-1,2932
431,52	-1,2936
431,60	-1,2940
431,68	-1,2945
431,77	-1,2949
431,85	-1,2953
431,93	-1,2956
432,01	-1,2960
432,10	-1,2964
432,18	-1,2968
432,27	-1,2972
432,35	-1,2976
432,43	-1,2981
432,52	-1,2985
432,60	-1,2989
432,68	-1,2993
432,77	-1,2997
432,85	-1,3001
432,93	-1,3005
433,01	-1,3010
433,10	-1,3013
433,18	-1,3017
433,26	-1,3021
433,35	-1,3024
433,43	-1,3028
433,51	-1,3032
433,60	-1,3035
433,68	-1,3039
433,76	-1,3042
433,85	-1,3046
433,93	-1,3049
434,01	-1,3053
434,10	-1,3056
434,18	-1,3059
434,26	-1,3063
434,35	-1,3067
434,43	-1,3071
434,51	-1,3074
434,60	-1,3077
434,68	-1,3081
434,76	-1,3084
434,85	-1,3086
434,93	-1,3089
435,01	-1,3092
435,10	-1,3095
435,18	-1,3097
435,26	-1,3100
435,35	-1,3103
435,43	-1,3105
435,51	-1,3108
435,60	-1,3111
435,68	-1,3113
435,76	-1,3115
435,84	-1,3118
435,93	-1,3121
436,01	-1,3123
436,09	-1,3126
436,18	-1,3130
436,26	-1,3132
436,34	-1,3134
436,43	-1,3137
436,51	-1,3139
436,59	-1,3142
436,68	-1,3144
436,76	-1,3146
436,84	-1,3147
436,93	-1,3150
437,01	-1,3152
437,09	-1,3154
437,18	-1,3157
437,26	-1,3159
437,34	-1,3161
437,43	-1,3163
437,51	-1,3166
437,59	-1,3168
437,68	-1,3170
437,76	-1,3173
437,84	-1,3176
437,93	-1,3178
438,01	-1,3180
438,09	-1,3182
438,18	-1,3185
438,26	-1,3187
438,34	-1,3190
438,43	-1,3192
438,51	-1,3194
438,59	-1,3196
438,68	-1,3198
438,76	-1,3200
438,84	-1,3202
438,93	-1,3204
439,01	-1,3205
439,09	-1,3206
439,17	-1,3208
439,26	-1,3210
439,34	-1,3211
439,42	-1,3212
439,51	-1,3214
439,59	-1,3216
439,67	-1,3218
439,76	-1,3219
439,84	-1,3220
439,92	-1,3221
440,01	-1,3223
440,09	-1,3224
440,17	-1,3225
440,26	-1,3227
440,34	-1,3228
440,42	-1,3230
440,51	-1,3231
440,59	-1,3232
440,67	-1,3233
440,76	-1,3236
440,84	-1,3237
440,92	-1,3238
441,01	-1,3241
441,09	-1,3243
441,17	-1,3245
441,26	-1,3248
441,34	-1,3251
441,42	-1,3253
441,51	-1,3256
441,59	-1,3259
441,67	-1,3261
441,76	-1,3264
441,84	-1,3266
441,92	-1,3269
442,01	-1,3272
442,09	-1,3275
442,17	-1,3278
442,25	-1,3280
442,34	-1,3283
442,42	-1,3285
442,50	-1,3287
442,59	-1,3290
442,67	-1,3294
442,76	-1,3297
442,84	-1,3299
442,92	-1,3302
443,00	-1,3305
443,09	-1,3309
443,17	-1,3311
443,25	-1,3314
443,34	-1,3317
443,42	-1,3320
443,50	-1,3323
443,59	-1,3326
443,67	-1,3329
443,75	-1,3332
443,84	-1,3335
443,92	-1,3338
444,00	-1,3340
444,09	-1,3343
444,17	-1,3346
444,25	-1,3348
444,34	-1,3350
444,42	-1,3354
444,50	-1,3356
444,59	-1,3358
444,67	-1,3361
444,75	-1,3364
444,84	-1,3366
444,92	-1,3369
445,00	-1,3371
445,09	-1,3374
445,17	-1,3376
445,25	-1,3379
445,34	-1,3381
445,42	-1,3384
445,50	-1,3386
445,59	-1,3388
445,67	-1,3391
445,75	-1,3394
445,84	-1,3396
445,92	-1,3398
446,00	-1,3401
446,09	-1,3404
446,17	-1,3406
446,25	-1,3408
446,34	-1,3410
446,42	-1,3413
446,50	-1,3415
446,58	-1,3417
446,67	-1,3419
446,75	-1,3422
446,83	-1,3424
446,92	-1,3427
447,00	-1,3430
447,08	-1,3432
447,17	-1,3434
447,25	-1,3437
447,33	-1,3439
447,42	-1,3441
447,50	-1,3443
447,58	-1,3445
447,67	-1,3448
447,75	-1,3450
447,83	-1,3452
447,92	-1,3454
448,00	-1,3456
448,08	-1,3459
448,17	-1,3461
448,25	-1,3463
448,33	-1,3465
448,42	-1,3468
448,50	-1,3470
448,58	-1,3473
448,67	-1,3475
448,75	-1,3478
448,83	-1,3481
448,92	-1,3484
449,00	-1,3487
449,08	-1,3490
449,17	-1,3494
449,25	-1,3497
449,33	-1,3499
449,41	-1,3502
449,50	-1,3505
449,58	-1,3508
449,66	-1,3511
449,75	-1,3514
449,83	-1,3516
449,91	-1,3519
450,00	-1,3521
450,08	-1,3524
450,16	-1,3526
450,25	-1,3528
450,33	-1,3530
450,41	-1,3532
450,50	-1,3534
450,58	-1,3535
450,66	-1,3538
450,75	-1,3539
450,83	-1,3542
450,91	-1,3544
451,00	-1,3545
451,08	-1,3547
451,16	-1,3549
451,25	-1,3552
451,33	-1,3553
451,41	-1,3555
451,50	-1,3557
451,58	-1,3559
451,66	-1,3560
451,75	-1,3562
451,83	-1,3564
451,91	-1,3565
452,00	-1,3566
452,08	-1,3568
452,16	-1,3570
452,24	-1,3571
452,33	-1,3572
452,41	-1,3574
452,50	-1,3575
452,58	-1,3576
452,66	-1,3577
452,74	-1,3578
452,83	-1,3579
452,91	-1,3581
452,99	-1,3582
453,08	-1,3583
453,16	-1,3585
453,24	-1,3586
453,33	-1,3587
453,41	-1,3589
453,49	-1,3590
453,58	-1,3592
453,66	-1,3593
453,74	-1,3593
453,83	-1,3595
453,91	-1,3596
453,99	-1,3597
454,08	-1,3598
454,16	-1,3599
454,24	-1,3600
454,33	-1,3601
454,41	-1,3602
454,49	-1,3604
454,58	-1,3605
454,66	-1,3607
454,74	-1,3609
454,83	-1,3610
454,91	-1,3612
454,99	-1,3613
455,08	-1,3615
455,16	-1,3617
455,24	-1,3620
455,33	-1,3622
455,41	-1,3624
455,49	-1,3627
455,58	-1,3629
455,66	-1,3631
455,74	-1,3633
455,83	-1,3636
455,91	-1,3639
455,99	-1,3642
456,08	-1,3645
456,16	-1,3647
456,24	-1,3650
456,33	-1,3653
456,41	-1,3656
456,49	-1,3659
456,57	-1,3663
456,66	-1,3667
456,74	-1,3670
456,82	-1,3673
456,91	-1,3677
456,99	-1,3680
457,08	-1,3684
457,16	-1,3688
457,24	-1,3691
457,32	-1,3695
457,41	-1,3698
457,49	-1,3701
457,57	-1,3705
457,66	-1,3709
457,74	-1,3712
457,82	-1,3715
457,91	-1,3719
457,99	-1,3722
458,07	-1,3726
458,16	-1,3730
458,24	-1,3733
458,32	-1,3737
458,41	-1,3741
458,49	-1,3744
458,57	-1,3745
458,66	-1,3744
458,74	-1,3745
458,82	-1,3746
458,91	-1,3749
458,99	-1,3751
459,07	-1,3752
459,16	-1,3754
459,24	-1,3756
459,32	-1,3757
459,41	-1,3758
459,49	-1,3760
459,57	-1,3762
459,66	-1,3764
459,74	-1,3765
459,82	-1,3766
459,91	-1,3767
459,99	-1,3769
460,07	-1,3770
460,16	-1,3772
460,24	-1,3774
460,32	-1,3776
460,40	-1,3777
460,49	-1,3779
460,57	-1,3781
460,65	-1,3782
460,74	-1,3784
460,82	-1,3785
460,90	-1,3786
460,99	-1,3786
461,07	-1,3787
461,15	-1,3788
461,24	-1,3789
461,32	-1,3789
461,40	-1,3790
461,49	-1,3790
461,57	-1,3790
461,65	-1,3791
461,74	-1,3792
461,82	-1,3792
461,90	-1,3793
461,99	-1,3793
462,07	-1,3793
462,15	-1,3793
462,24	-1,3793
462,32	-1,3793
462,40	-1,3793
462,49	-1,3793
462,57	-1,3793
462,65	-1,3793
462,74	-1,3793
462,82	-1,3793
462,90	-1,3794
462,99	-1,3795
463,07	-1,3795
463,15	-1,3796
463,24	-1,3797
463,32	-1,3797
463,40	-1,3798
463,49	-1,3798
463,57	-1,3800
463,65	-1,3801
463,74	-1,3802
463,82	-1,3804
463,90	-1,3805
463,98	-1,3807
464,07	-1,3808
464,15	-1,3809
464,24	-1,3810
464,32	-1,3812
464,40	-1,3814
464,48	-1,3815
464,57	-1,3817
464,65	-1,3819
464,73	-1,3821
464,82	-1,3824
464,90	-1,3827
464,98	-1,3830
465,07	-1,3832
465,15	-1,3834
465,23	-1,3835
465,32	-1,3835
465,40	-1,3837
465,48	-1,3840
465,57	-1,3841
465,65	-1,3842
465,73	-1,3844
465,82	-1,3846
465,90	-1,3847
465,98	-1,3848
466,07	-1,3850
466,15	-1,3852
466,23	-1,3854
466,32	-1,3856
466,40	-1,3857
466,48	-1,3859
466,57	-1,3861
466,65	-1,3863
466,73	-1,3865
466,82	-1,3867
466,90	-1,3868
466,98	-1,3870
467,07	-1,3872
467,15	-1,3875
467,23	-1,3877
467,32	-1,3879
467,40	-1,3882
467,48	-1,3884
467,57	-1,3886
467,65	-1,3889
467,73	-1,3891
467,82	-1,3894
467,90	-1,3897
467,98	-1,3899
468,06	-1,3902
468,15	-1,3905
468,23	-1,3908
468,31	-1,3912
468,40	-1,3915
468,48	-1,3919
468,56	-1,3923
468,65	-1,3927
468,73	-1,3932
468,81	-1,3936
468,90	-1,3940
468,98	-1,3944
469,06	-1,3949
469,15	-1,3953
469,23	-1,3958
469,31	-1,3963
469,40	-1,3968
469,48	-1,3972
469,56	-1,3976
469,65	-1,3981
469,73	-1,3986
469,81	-1,3990
469,90	-1,3995
469,98	-1,3998
470,06	-1,3991
470,15	-1,3987
470,23	-1,3985
470,31	-1,3984
470,40	-1,3983
470,48	-1,3982
470,56	-1,3982
470,65	-1,3981
470,73	-1,3981
470,81	-1,3981
470,90	-1,3980
470,98	-1,3980
471,06	-1,3980
471,15	-1,3979
471,23	-1,3978
471,31	-1,3977
471,40	-1,3976
471,48	-1,3976
471,56	-1,3975
471,65	-1,3975
471,73	-1,3975
471,81	-1,3975
471,90	-1,3975
471,98	-1,3974
472,06	-1,3974
472,15	-1,3974
472,23	-1,3974
472,31	-1,3974
472,39	-1,3974
472,48	-1,3975
472,56	-1,3976
472,64	-1,3976
472,73	-1,3977
472,81	-1,3978
472,89	-1,3978
472,98	-1,3979
473,06	-1,3978
473,14	-1,3979
473,23	-1,3980
473,31	-1,3981
473,39	-1,3982
473,48	-1,3983
473,56	-1,3984
473,64	-1,3984
473,73	-1,3985
473,81	-1,3986
473,89	-1,3986
473,98	-1,3986
474,06	-1,3987
474,14	-1,3988
474,23	-1,3989
474,31	-1,3990
474,39	-1,3990
474,48	-1,3991
474,56	-1,3992
474,64	-1,3994
474,73	-1,3995
474,81	-1,3996
474,89	-1,3999
474,98	-1,4001
475,06	-1,4003
475,14	-1,4005
475,23	-1,4007
475,31	-1,4009
475,39	-1,4012
475,48	-1,4014
475,56	-1,4016
475,64	-1,4018
475,73	-1,4019
475,81	-1,4021
475,89	-1,4023
475,97	-1,4025
476,06	-1,4026
476,14	-1,4028
476,22	-1,4029
476,31	-1,4029
476,39	-1,4031
476,47	-1,4030
476,56	-1,4030
476,64	-1,4031
476,72	-1,4031
476,81	-1,4031
476,89	-1,4031
476,97	-1,4032
477,06	-1,4032
477,14	-1,4032
477,22	-1,4033
477,31	-1,4033
477,39	-1,4033
477,47	-1,4034
477,56	-1,4035
477,64	-1,4036
477,72	-1,4036
477,81	-1,4036
477,89	-1,4037
477,97	-1,4038
478,06	-1,4039
478,14	-1,4041
478,22	-1,4043
478,31	-1,4044
478,39	-1,4045
478,47	-1,4048
478,56	-1,4049
478,64	-1,4051
478,72	-1,4053
478,81	-1,4056
478,89	-1,4058
478,97	-1,4060
479,06	-1,4062
479,14	-1,4064
479,22	-1,4066
479,30	-1,4068
479,39	-1,4070
479,47	-1,4074
479,55	-1,4076
479,64	-1,4079
479,72	-1,4081
479,80	-1,4085
479,89	-1,4087
479,97	-1,4090
480,05	-1,4093
480,14	-1,4096
480,22	-1,4099
480,30	-1,4102
480,39	-1,4106
480,47	-1,4108
480,55	-1,4110
480,64	-1,4114
480,72	-1,4118
480,80	-1,4121
480,89	-1,4125
480,97	-1,4129
481,05	-1,4130
481,14	-1,4130
481,22	-1,4132
481,30	-1,4133
481,39	-1,4130
481,47	-1,4129
481,55	-1,4128
481,64	-1,4127
481,72	-1,4127
481,80	-1,4127
481,89	-1,4126
481,97	-1,4125
482,05	-1,4125
482,14	-1,4124
482,22	-1,4124
482,30	-1,4124
482,39	-1,4123
482,47	-1,4123
482,55	-1,4123
482,64	-1,4122
482,72	-1,4122
482,80	-1,4122
482,89	-1,4122
482,97	-1,4122
483,05	-1,4121
483,13	-1,4121
483,22	-1,4121
483,30	-1,4121
483,39	-1,4122
483,47	-1,4122
483,55	-1,4122
483,63	-1,4123
483,72	-1,4124
483,80	-1,4125
483,88	-1,4125
483,97	-1,4126
484,05	-1,4127
484,13	-1,4129
484,22	-1,4130
484,30	-1,4132
484,38	-1,4134
484,47	-1,4137
484,55	-1,4139
484,63	-1,4141
484,72	-1,4143
484,80	-1,4145
484,88	-1,4148
484,97	-1,4151
485,05	-1,4154
485,13	-1,4157
485,22	-1,4159
485,30	-1,4162
485,38	-1,4167
485,47	-1,4171
485,55	-1,4175
485,63	-1,4179
485,72	-1,4182
485,80	-1,4185
485,88	-1,4189
485,97	-1,4193
486,05	-1,4197
486,13	-1,4200
486,22	-1,4205
486,30	-1,4209
486,38	-1,4212
486,47	-1,4216
486,55	-1,4221
486,63	-1,4226
486,72	-1,4230
486,80	-1,4235
486,88	-1,4239
486,96	-1,4243
487,05	-1,4248
487,13	-1,4252
487,22	-1,4256
487,30	-1,4260
487,38	-1,4264
487,46	-1,4269
487,55	-1,4274
487,63	-1,4278
487,71	-1,4281
487,80	-1,4285
487,88	-1,4289
487,96	-1,4292
488,05	-1,4294
488,13	-1,4297
488,21	-1,4301
488,30	-1,4304
488,38	-1,4306
488,46	-1,4309
488,55	-1,4311
488,63	-1,4314
488,71	-1,4317
488,80	-1,4319
488,88	-1,4321
488,96	-1,4324
489,05	-1,4326
489,13	-1,4330
489,21	-1,4334
489,30	-1,4337
489,38	-1,4340
489,46	-1,4344
489,55	-1,4347
489,63	-1,4351
489,71	-1,4355
489,80	-1,4359
489,88	-1,4364
489,96	-1,4369
490,05	-1,4373
490,13	-1,4379
490,21	-1,4384
490,30	-1,4389
490,38	-1,4395
490,46	-1,4400
490,55	-1,4405
490,63	-1,4411
490,71	-1,4416
490,79	-1,4420
490,88	-1,4425
490,96	-1,4430
491,04	-1,4436
491,13	-1,4440
491,21	-1,4445
491,29	-1,4451
491,38	-1,4456
491,46	-1,4461
491,54	-1,4465
491,63	-1,4470
491,71	-1,4475
491,79	-1,4481
491,88	-1,4486
491,96	-1,4492
492,04	-1,4497
492,13	-1,4503
492,21	-1,4509
492,29	-1,4514
492,38	-1,4520
492,46	-1,4526
492,54	-1,4532
492,63	-1,4538
492,71	-1,4543
492,79	-1,4549
492,88	-1,4556
492,96	-1,4563
493,04	-1,4569
493,13	-1,4575
493,21	-1,4582
493,29	-1,4589
493,37	-1,4597
493,46	-1,4604
493,54	-1,4612
493,62	-1,4620
493,71	-1,4627
493,79	-1,4635
493,87	-1,4642
493,96	-1,4649
494,04	-1,4656
494,12	-1,4663
494,21	-1,4671
494,29	-1,4678
494,37	-1,4686
494,46	-1,4695
494,54	-1,4703
494,62	-1,4711
494,71	-1,4720
494,79	-1,4728
494,87	-1,4737
494,96	-1,4745
495,04	-1,4753
495,12	-1,4761
495,21	-1,4770
495,29	-1,4779
495,37	-1,4789
495,46	-1,4798
495,54	-1,4806
495,62	-1,4815
495,71	-1,4824
495,79	-1,4833
495,87	-1,4842
495,96	-1,4850
496,04	-1,4859
496,12	-1,4867
496,21	-1,4875
496,29	-1,4883
496,37	-1,4890
496,45	-1,4898
496,54	-1,4905
496,62	-1,4912
496,70	-1,4920
496,79	-1,4927
496,87	-1,4933
496,95	-1,4940
497,04	-1,4947
497,12	-1,4953
497,20	-1,4959
497,29	-1,4966
497,37	-1,4972
497,45	-1,4979
497,54	-1,4985
497,62	-1,4990
497,70	-1,4996
497,79	-1,5003
497,87	-1,5009
497,95	-1,5015
498,04	-1,5022
498,12	-1,5029
498,20	-1,5037
498,29	-1,5044
498,37	-1,5050
498,45	-1,5057
498,54	-1,5063
498,62	-1,5070
498,70	-1,5077
498,79	-1,5084
498,87	-1,5091
498,95	-1,5099
499,04	-1,5109
499,12	-1,5117
499,20	-1,5124
499,28	-1,5132
499,37	-1,5141
499,45	-1,5149
499,54	-1,5156
499,62	-1,5163
499,70	-1,5171
499,78	-1,5179
499,87	-1,5187
499,95	-1,5193
500,03	-1,5201
500,12	-1,5209
500,20	-1,5217
500,28	-1,5224
500,37	-1,5231
500,45	-1,5238
500,53	-1,5246
500,62	-1,5254
500,70	-1,5260
500,78	-1,5267
500,87	-1,5274
500,95	-1,5281
501,03	-1,5288
501,12	-1,5294
501,20	-1,5300
501,28	-1,5306
501,37	-1,5312
501,45	-1,5318
501,53	-1,5324
501,62	-1,5331
501,70	-1,5338
501,78	-1,5345
501,87	-1,5352
501,95	-1,5358
502,03	-1,5365
502,12	-1,5372
502,20	-1,5379
502,28	-1,5386
502,37	-1,5393
502,45	-1,5401
502,53	-1,5409
502,62	-1,5416
502,70	-1,5422
502,78	-1,5427
502,86	-1,5434
502,95	-1,5441
503,03	-1,5447
503,11	-1,5453
503,20	-1,5460
503,28	-1,5465
503,36	-1,5472
503,45	-1,5478
503,53	-1,5485
503,61	-1,5490
503,70	-1,5497
503,78	-1,5504
503,86	-1,5510
503,95	-1,5517
504,03	-1,5524
504,11	-1,5530
504,20	-1,5537
504,28	-1,5545
504,36	-1,5552
504,45	-1,5560
504,53	-1,5568
504,61	-1,5574
504,70	-1,5582
504,78	-1,5591
504,86	-1,5598
504,95	-1,5606
505,03	-1,5614
505,11	-1,5623
505,20	-1,5631
505,28	-1,5639
505,36	-1,5648
505,45	-1,5656
505,53	-1,5663
505,61	-1,5672
505,70	-1,5681
505,78	-1,5689
505,86	-1,5698
505,95	-1,5707
506,03	-1,5715
506,11	-1,5722
506,19	-1,5731
506,28	-1,5739
506,36	-1,5746
506,45	-1,5755
506,53	-1,5762
506,61	-1,5770
506,69	-1,5777
506,78	-1,5784
506,86	-1,5792
506,94	-1,5799
507,03	-1,5806
507,11	-1,5813
507,19	-1,5820
507,28	-1,5826
507,36	-1,5833
507,44	-1,5839
507,53	-1,5845
507,61	-1,5851
507,69	-1,5857
507,78	-1,5862
507,86	-1,5866
507,94	-1,5871
508,03	-1,5879
508,11	-1,5884
508,19	-1,5889
508,28	-1,5895
508,36	-1,5901
508,44	-1,5906
508,53	-1,5912
508,61	-1,5917
508,69	-1,5922
508,78	-1,5928
508,86	-1,5934
508,94	-1,5938
509,02	-1,5942
509,11	-1,5945
509,19	-1,5950
509,27	-1,5954
509,36	-1,5958
509,44	-1,5962
509,52	-1,5966
509,61	-1,5970
509,69	-1,5973
509,77	-1,5977
509,86	-1,5981
509,94	-1,5984
510,02	-1,5988
510,11	-1,5992
510,19	-1,5996
510,27	-1,5999
510,36	-1,6003
510,44	-1,6007
510,52	-1,6011
510,61	-1,6016
510,69	-1,6020
510,77	-1,6024
510,86	-1,6028
510,94	-1,6030
511,02	-1,6034
511,11	-1,6038
511,19	-1,6042
511,27	-1,6045
511,36	-1,6048
511,44	-1,6052
511,52	-1,6056
511,61	-1,6060
511,69	-1,6064
511,77	-1,6067
511,86	-1,6070
511,94	-1,6074
512,02	-1,6078
512,11	-1,6082
512,19	-1,6086
512,27	-1,6091
512,36	-1,6096
512,44	-1,6101
512,52	-1,6104
512,61	-1,6109
512,69	-1,6114
512,77	-1,6118
512,85	-1,6123
512,94	-1,6128
513,02	-1,6133
513,10	-1,6138
513,19	-1,6143
513,27	-1,6148
513,35	-1,6153
513,44	-1,6157
513,52	-1,6163
513,60	-1,6168
513,69	-1,6173
513,77	-1,6179
513,85	-1,6184
513,94	-1,6189
514,02	-1,6194
514,10	-1,6201
514,19	-1,6206
514,27	-1,6212
514,35	-1,6218
514,44	-1,6224
514,52	-1,6230
514,60	-1,6235
514,69	-1,6241
514,77	-1,6246
514,85	-1,6253
514,94	-1,6259
515,02	-1,6265
515,10	-1,6271
515,19	-1,6277
515,27	-1,6285
515,35	-1,6291
515,44	-1,6298
515,52	-1,6305
515,60	-1,6313
515,69	-1,6319
515,77	-1,6326
515,85	-1,6333
515,93	-1,6340
516,02	-1,6346
516,10	-1,6353
516,18	-1,6359
516,27	-1,6365
516,35	-1,6372
516,43	-1,6378
516,52	-1,6385
516,60	-1,6391
516,68	-1,6397
516,77	-1,6404
516,85	-1,6410
516,93	-1,6417
517,02	-1,6424
517,10	-1,6430
517,18	-1,6439
517,27	-1,6446
517,35	-1,6453
517,43	-1,6460
517,52	-1,6469
517,60	-1,6477
517,68	-1,6485
517,77	-1,6493
517,85	-1,6503
517,93	-1,6511
518,02	-1,6519
518,10	-1,6528
518,18	-1,6537
518,27	-1,6546
518,35	-1,6554
518,43	-1,6563
518,51	-1,6572
518,60	-1,6581
518,68	-1,6590
518,76	-1,6599
518,85	-1,6609
518,93	-1,6618
519,01	-1,6628
519,10	-1,6637
519,18	-1,6647
519,26	-1,6656
519,35	-1,6665
519,43	-1,6676
519,51	-1,6685
519,60	-1,6695
519,68	-1,6706
519,76	-1,6716
519,85	-1,6727
519,93	-1,6738
520,01	-1,6748
520,10	-1,6759
520,18	-1,6770
520,26	-1,6780
520,35	-1,6790
520,43	-1,6801
520,51	-1,6811
520,60	-1,6821
520,68	-1,6831
520,76	-1,6842
520,85	-1,6852
520,93	-1,6864
521,01	-1,6874
521,10	-1,6884
521,18	-1,6895
521,26	-1,6906
521,34	-1,6916
521,43	-1,6925
521,51	-1,6935
521,59	-1,6945
521,68	-1,6956
521,76	-1,6966
521,84	-1,6976
521,93	-1,6985
522,01	-1,6994
522,09	-1,7003
522,18	-1,7013
522,26	-1,7023
522,34	-1,7032
522,43	-1,7042
522,51	-1,7050
522,59	-1,7061
522,68	-1,7071
522,76	-1,7080
522,84	-1,7089
522,93	-1,7098
523,01	-1,7107
523,09	-1,7116
523,17	-1,7124
523,26	-1,7133
523,34	-1,7141
523,42	-1,7150
523,51	-1,7156
523,59	-1,7162
523,67	-1,7169
523,76	-1,7176
523,84	-1,7183
523,92	-1,7188
524,01	-1,7195
524,09	-1,7202
524,17	-1,7209
524,26	-1,7215
524,34	-1,7223
524,42	-1,7230
524,51	-1,7237
524,59	-1,7244
524,67	-1,7251
524,76	-1,7258
524,84	-1,7264
524,92	-1,7272
525,01	-1,7279
525,09	-1,7286
525,17	-1,7293
525,26	-1,7300
525,34	-1,7308
525,42	-1,7315
525,51	-1,7322
525,59	-1,7329
525,67	-1,7335
525,76	-1,7339
525,84	-1,7342
525,92	-1,7345
526,01	-1,7348
526,09	-1,7351
526,17	-1,7354
526,25	-1,7356
526,34	-1,7359
526,42	-1,7363
526,50	-1,7365
526,59	-1,7366
526,67	-1,7368
526,75	-1,7371
526,84	-1,7374
526,92	-1,7377
527,00	-1,7380
527,09	-1,7382
527,17	-1,7385
527,25	-1,7389
527,34	-1,7392
527,42	-1,7395
527,50	-1,7400
527,59	-1,7403
527,67	-1,7406
527,75	-1,7409
527,84	-1,7413
527,92	-1,7416
528,00	-1,7419
528,09	-1,7423
528,17	-1,7427
528,25	-1,7430
528,34	-1,7434
528,42	-1,7437
528,50	-1,7441
528,59	-1,7446
528,67	-1,7450
528,75	-1,7455
528,84	-1,7459
528,92	-1,7463
529,00	-1,7467
529,09	-1,7471
529,17	-1,7476
529,25	-1,7479
529,33	-1,7483
529,42	-1,7487
529,50	-1,7491
529,58	-1,7495
529,67	-1,7499
529,75	-1,7503
529,83	-1,7507
529,92	-1,7510
530,00	-1,7515
530,08	-1,7519
530,17	-1,7523
530,25	-1,7527
530,33	-1,7532
530,42	-1,7537
530,50	-1,7542
530,58	-1,7545
530,67	-1,7549
530,75	-1,7553
530,83	-1,7558
530,92	-1,7561
531,00	-1,7566
531,08	-1,7570
531,17	-1,7574
531,25	-1,7578
531,33	-1,7582
531,42	-1,7587
531,50	-1,7592
531,58	-1,7597
531,67	-1,7601
531,75	-1,7605
531,83	-1,7608
531,92	-1,7613
532,00	-1,7616
532,08	-1,7621
532,17	-1,7625
532,25	-1,7629
532,33	-1,7634
532,42	-1,7638
532,50	-1,7642
532,58	-1,7647
532,67	-1,7651
532,75	-1,7655
532,83	-1,7660
532,92	-1,7663
533,00	-1,7667
533,08	-1,7672
533,17	-1,7677
533,25	-1,7682
533,33	-1,7686
533,42	-1,7692
533,50	-1,7696
533,58	-1,7701
533,66	-1,7706
533,75	-1,7717
533,83	-1,7722
533,91	-1,7727
534,00	-1,7735
534,08	-1,7742
534,16	-1,7748
534,25	-1,7756
534,33	-1,7763
534,41	-1,7769
534,50	-1,7776
534,58	-1,7784
534,66	-1,7790
534,75	-1,7798
534,83	-1,7806
534,91	-1,7813
535,00	-1,7821
535,08	-1,7828
535,16	-1,7837
535,25	-1,7846
535,33	-1,7855
535,41	-1,7863
535,50	-1,7872
535,58	-1,7882
535,66	-1,7890
535,75	-1,7898
535,83	-1,7907
535,91	-1,7917
536,00	-1,7927
536,08	-1,7936
536,16	-1,7947
536,25	-1,7957
536,33	-1,7966
536,41	-1,7976
536,50	-1,7986
536,58	-1,7995
536,66	-1,8008
536,75	-1,8018
536,83	-1,8026
536,91	-1,8035
536,99	-1,8044
537,08	-1,8053
537,16	-1,8063
537,24	-1,8072
537,33	-1,8081
537,41	-1,8090
537,49	-1,8100
537,58	-1,8108
537,66	-1,8116
537,74	-1,8126
537,83	-1,8136
537,91	-1,8148
537,99	-1,8160
538,08	-1,8169
538,16	-1,8181
538,24	-1,8191
538,33	-1,8201
538,41	-1,8211
538,49	-1,8221
538,58	-1,8232
538,66	-1,8243
538,74	-1,8254
538,83	-1,8266
538,91	-1,8277
538,99	-1,8288
539,08	-1,8299
539,16	-1,8310
539,24	-1,8321
539,32	-1,8332
539,41	-1,8342
539,49	-1,8354
539,57	-1,8366
539,66	-1,8377
539,74	-1,8387
539,82	-1,8399
539,91	-1,8410
539,99	-1,8421
540,07	-1,8433
540,16	-1,8444
540,24	-1,8456
540,32	-1,8468
540,41	-1,8479
540,49	-1,8496
540,57	-1,8518
540,66	-1,8529
540,74	-1,8540
540,82	-1,8553
540,91	-1,8567
540,99	-1,8578
541,07	-1,8589
541,16	-1,8600
541,24	-1,8611
541,32	-1,8621
541,40	-1,8631
541,49	-1,8647
541,57	-1,8660
541,65	-1,8671
541,74	-1,8681
541,82	-1,8693
541,90	-1,8711
541,99	-1,8722
542,07	-1,8733
542,15	-1,8744
542,24	-1,8757
542,32	-1,8767
542,40	-1,8779
542,49	-1,8790
542,57	-1,8802
542,65	-1,8814
542,74	-1,8827
542,82	-1,8840
542,90	-1,8856
542,99	-1,8873
543,07	-1,8886
543,15	-1,8899
543,24	-1,8915
543,32	-1,8928
543,40	-1,8940
543,48	-1,8953
543,57	-1,8966
543,65	-1,8982
543,73	-1,8997
543,82	-1,9010
543,90	-1,9024
543,98	-1,9037
544,07	-1,9052
544,15	-1,9073
544,23	-1,9090
544,32	-1,9105
544,40	-1,9121
544,48	-1,9134
544,57	-1,9149
544,65	-1,9166
544,73	-1,9182
544,82	-1,9198
544,90	-1,9213
544,98	-1,9234
545,07	-1,9250
545,15	-1,9266
545,23	-1,9288
545,31	-1,9306
545,40	-1,9340
545,48	-1,9365
545,56	-1,9388
545,65	-1,9428
545,73	-1,9454
545,81	-1,9483
545,90	-1,9501
545,98	-1,9520
546,06	-1,9558
546,15	-1,9592
546,23	-1,9609
546,31	-1,9636
546,40	-1,9664
546,48	-1,9688
546,56	-1,9744
546,65	-1,9777
546,73	-1,9798
546,81	-1,9836